/*--------------------------------*- C++ -*----------------------------------*\
| =========                 |                                                 |
| \\      /  F ield         | OpenFOAM: The Open Source CFD Toolbox           |
|  \\    /   O peration     | Version:  2512                                  |
|   \\  /    A nd           | Website:  www.openfoam.com                      |
|    \\/     M anipulation  |                                                 |
\*---------------------------------------------------------------------------*/
FoamFile
{
    version     2.0;
    format      ascii;
    arch        "LSB;label=32;scalar=64";
    class       labelList;
    location    "constant/polyMesh";
    object      cellProcAddressing;
}
// * * * * * * * * * * * * * * * * * * * * * * * * * * * * * * * * * * * * * //


2636
(
114
115
973
2950
116
972
2949
932
6004
2991
117
971
2948
933
5991
2992
889
6003
6005
3032
118
970
2947
934
5988
2993
888
5992
5990
3031
848
5996
6002
6006
3073
119
969
2946
935
5975
2994
887
5987
5989
3030
849
5993
6001
6035
3074
805
5995
5997
6007
6033
3114
120
968
2945
936
5964
2995
886
5976
5974
3029
850
5980
5986
6022
3075
804
5994
6000
6026
6034
3113
764
3894
5998
6008
6032
6674
3155
121
967
2944
937
5963
2996
885
5965
5967
3028
851
5977
5985
5973
3076
803
5979
5981
6021
6023
3112
765
3891
5999
6027
6025
6036
3156
721
3893
3895
6009
6031
6673
6675
3196
122
966
2943
938
4884
2997
884
4817
5962
3027
852
4795
5966
5968
3077
802
5978
5984
6020
5972
3111
766
3868
5982
6014
6024
6680
3157
720
3892
3890
6010
6028
6037
6676
3195
680
2668
3896
3912
6030
6646
6672
6703
3237
123
965
2942
939
4883
2998
883
4818
4885
3026
853
4796
4816
5961
3078
801
4794
4798
5969
5971
3110
767
3865
5983
6013
6019
6627
3158
719
3867
3869
6011
6015
6679
6681
3194
681
2669
3899
3889
6029
6038
6677
6690
3238
637
2037
3897
3911
3913
6647
6645
6671
6702
3278
124
964
2941
940
4872
2999
882
4819
4882
3025
854
4787
4886
4890
3079
800
4793
4797
4815
5960
3109
768
3842
4799
4811
5970
6390
3159
718
3866
3864
6012
6018
6628
6626
3193
682
2670
3870
3886
6016
6630
6678
6682
3239
636
2038
3898
3900
3888
6039
6644
6691
6689
3277
1638
3636
3904
3910
3914
6648
6650
6670
6701
3319
125
963
2940
941
4871
3000
881
4820
4873
3024
855
4788
4887
4881
3080
799
4786
4790
4889
4891
3108
769
3839
4792
4812
4814
5959
3160
717
3841
3843
4800
4810
6389
6391
3192
683
2671
3873
3863
6017
6629
6685
6625
3240
635
2039
3871
3885
3887
6377
6631
6683
6688
3276
1637
3637
3901
3909
6040
6375
6643
6692
6700
3320
1639
3903
3905
3915
6112
6649
6651
6669
7358
3360
126
962
2939
942
4825
3001
880
4821
4870
3023
856
4771
4868
4874
3081
798
4785
4789
4888
4880
3107
770
3816
4791
4803
4892
4974
3161
716
3840
3838
4801
4813
6388
5958
3191
684
2672
3844
3860
4809
6382
6392
6416
3241
634
2040
3872
3874
3862
6378
6632
6684
6624
3275
1620
3638
3878
3884
6081
6376
6636
6687
6699
3321
1636
3902
3908
6041
6105
6374
6642
6693
7079
3359
1640
3906
3916
6111
6113
6652
6654
6668
7357
2439
127
961
2938
943
4824
3002
879
4822
4826
3022
857
4772
4869
4875
3082
797
4770
4774
4867
4879
3106
771
3813
4784
4804
4893
4975
3162
715
3815
3817
4802
4806
4973
5957
3190
685
2673
3847
3837
4808
6381
6387
6415
3242
633
2041
3845
3859
3861
6379
6383
6393
6417
3274
1619
3639
3875
3883
6078
6633
6637
6686
6623
3322
1621
3877
3879
6080
6082
6635
6641
6694
6698
3358
1635
3907
6042
6106
6104
6373
6655
7080
7078
2438
1641
3917
6110
6114
6183
6653
6667
7356
2476
128
960
2937
944
4416
3003
878
4823
4829
3021
858
4631
4827
4833
3083
796
4769
4773
4876
4878
3105
772
3790
4775
4777
4866
4976
3163
714
3814
3812
4783
4805
4894
5956
3189
686
2674
3818
3834
4807
4968
4972
6414
3243
632
2042
3846
3848
3836
6380
6386
6408
6420
3273
1602
3640
3852
3858
6055
6384
6394
6418
6457
3323
1618
3876
3882
6079
6077
6634
6638
6695
6622
3357
1622
3880
6043
6083
6101
6640
6656
6697
7077
2437
1634
3918
6107
6125
6103
6372
6664
7081
2477
1642
6109
6115
6123
6182
6666
7355
2507
129
959
2936
945
4405
3004
877
4415
4417
3020
859
4628
4828
4830
3084
795
4630
4632
4832
4834
3104
773
3787
4768
4778
4877
4977
3164
713
3789
3791
4776
4780
4865
4981
3188
687
2675
3821
3811
4782
4895
4971
5955
3244
631
2043
3819
3833
3835
4967
4969
6409
6413
3272
1601
3641
3849
3857
6054
6385
6407
6419
6421
3324
1603
3851
3853
6052
6056
6395
6405
6458
6456
3356
1617
3881
6044
6088
6076
6639
6659
6696
6621
2436
1623
3919
6084
6100
6102
6657
6663
7076
2478
1633
6108
6118
6124
6371
6665
7082
2494
1643
6116
6122
6181
6369
7354
2506
130
958
2935
946
4402
3005
876
4406
4404
3019
860
4408
4414
4418
3085
794
4629
4627
4831
4837
3103
774
3764
4633
4637
4835
4841
3165
712
3788
3786
4767
4779
4978
4980
3187
688
2676
3792
3808
4781
4860
4864
4982
3245
630
2044
3820
3822
3810
4896
4970
6410
5954
3271
1584
3642
3826
3832
4908
4966
6398
6412
6454
3325
1600
3850
3856
6053
6057
6396
6406
6422
6455
3355
1604
3854
6045
6051
6071
6404
6434
6459
6620
2435
6618
1616
3920
6087
6089
6075
6658
6660
7075
2479
6619
1624
6085
6093
6099
6168
6662
7073
2493
1632
6117
6119
6126
6370
7083
2495
1644
6121
6178
6180
7089
2505
131
957
2934
947
4391
3006
875
4401
4403
3018
861
4407
4413
4453
3086
793
4409
4411
4419
4457
3102
775
3761
4634
4626
4836
4838
3166
711
3763
3765
4636
4638
4840
4842
3186
689
2677
3795
3785
4766
4859
4979
4991
3246
629
2045
3793
3807
3809
4861
4863
4983
5941
3270
1583
3643
3823
3831
4897
4965
6399
6411
5953
3326
1585
3825
3827
4907
4909
6397
6401
6439
6453
3354
1599
3855
6046
6058
6072
6403
6423
6437
10079
6607
1605
3921
6050
6070
6074
6433
6435
6460
6614
6616
2434
6613
6617
1615
6086
6090
6098
6169
6661
7074
2480
1625
6092
6094
6167
6171
7072
2492
1631
6120
6127
6173
7084
2496
1645
6177
6179
7088
2504
132
956
2933
948
4016
3007
874
4392
4390
3017
862
4394
4400
4452
3087
792
3978
4412
4454
4458
3101
776
3728
4410
4420
4456
4470
3167
710
3762
3760
4635
4625
4839
4845
3185
690
2678
3766
3782
4639
4643
4843
4992
3247
628
2046
3794
3796
3784
4765
4858
4990
5940
3269
1538
3644
3800
3806
4679
4862
4984
4988
5942
3327
1582
3824
3830
4898
4910
4964
6400
6440
5952
3353
1586
3828
4900
4906
4924
6402
6426
6438
6452
1598
3922
6047
6059
6073
6424
6436
10080
6609
6605
6606
6602
6608
1606
6049
6063
6069
6142
6432
6461
2433
6615
6612
1614
6091
6097
6166
6170
7071
2481
1626
6095
6162
6172
7069
2491
1630
6128
6174
7085
2497
1646
6176
7087
2503
133
955
2932
949
4013
3008
873
4015
4017
3016
863
4393
4399
4389
3088
791
3979
4395
4435
4451
3100
777
3727
3977
4425
4455
4459
3168
709
3657
3729
4421
4423
4469
4471
3184
691
2679
3769
3759
4640
4624
4844
4846
3248
627
2047
3767
3781
3783
4642
4644
4848
4993
3268
1537
3645
3797
3805
4680
4764
4857
4989
5939
3328
1539
3799
3801
4678
4682
4985
4987
5943
5945
3352
1581
3829
4899
4905
4911
4963
6427
6441
5951
1587
3923
4901
4923
4925
6425
6429
6451
1597
6048
6060
6068
6143
6431
10081
6610
6604
6601
6597
6603
6611
1607
6062
6064
6141
6145
6462
2432
1613
6096
6163
6165
7070
2482
1627
6129
6161
7068
2490
1629
6175
7086
2498
1251
7062
2502
134
954
2931
950
4008
3009
872
4014
4012
3015
864
3982
4018
4022
3089
790
3980
4398
4436
4388
3099
778
3662
4396
4426
4434
4450
3169
708
3658
3726
3976
4424
4460
4472
3183
692
2680
3656
3730
4422
4462
4468
4617
3249
626
2048
3768
3770
3758
4641
4623
4847
4996
3267
1492
3646
3774
3780
3938
4645
4849
4994
5606
3329
1536
3798
3804
4649
4681
4763
4856
5632
5938
3351
1540
3802
4651
4677
4683
4986
5634
5944
5946
1580
3924
4904
4912
4926
4962
6428
6442
1588
4902
4916
4922
4940
6430
6444
1596
6061
6067
6140
6144
10082
6599
6600
6596
6598
1608
6065
6134
6146
6463
2431
1612
6130
6164
7067
2483
1628
6160
7065
2489
1252
7063
2499
558
2501
135
953
2930
951
4009
3010
871
4007
4011
3014
865
3983
4019
4023
3090
789
3981
3985
4021
4035
3098
779
3661
4397
4429
4437
4387
3170
707
3659
3663
4427
4433
4449
4473
3182
693
2681
3743
3725
3975
4461
4467
4614
3250
625
2049
3655
3731
3757
4463
4465
4616
4618
3266
1491
3647
3771
3779
3939
4852
4622
4995
4997
3330
1493
3773
3775
3937
4646
4850
4855
5605
5607
3350
1535
3803
4650
4648
4684
4762
5633
5631
5937
1541
3925
4652
4676
4686
5635
5637
5947
1579
4903
4913
4921
4927
4961
6443
1589
4915
4917
4939
4941
6445
1595
6066
6133
6139
6464
6594
6595
6592
6593
1609
6131
6135
6147
2430
1611
6159
7066
2484
1253
7064
2488
559
2500
440
136
202
952
2929
3011
870
2927
4010
3013
866
2923
4006
4024
3091
788
2907
3984
4020
4028
3097
780
2702
3986
3988
4034
4036
3171
706
3660
3666
4428
4430
4438
4386
3181
694
2682
3664
3680
4432
4442
4448
4474
3251
624
2050
3654
3742
3724
3974
4466
4615
4613
3265
1446
3648
3732
3740
3756
4464
4486
4619
5035
3331
1490
3772
3778
3936
3940
4851
4621
4998
5608
3349
1494
3776
3930
4647
4669
4854
5600
5604
5626
1534
3926
4655
4675
4685
4761
5638
5630
1542
4653
4689
4687
4723
5636
5640
1578
4914
4920
4928
4942
4960
1590
4918
4932
4938
4956
1594
6132
6138
6465
1610
6136
6148
2429
1254
6158
2485
560
2487
439
137
203
201
869
2928
3999
3012
867
2924
2926
4025
3092
787
2908
2922
4005
4027
3096
781
2701
2906
3989
4029
4363
3172
705
2691
2703
3987
4033
4037
4385
3180
695
2683
3665
3667
4431
4439
4447
4608
3252
623
2051
3653
3679
3681
4441
4443
4475
4612
3264
1445
3649
3735
3741
3723
3973
4485
5033
5036
3332
1447
3733
3739
3755
3941
4487
4620
5034
5038
3348
1489
3777
3929
3935
4670
4853
4999
5603
5609
1495
3927
3931
4668
4672
5599
5601
5627
1533
4654
4656
4674
4724
4760
5639
1543
4690
4688
4714
4722
5641
1577
4919
4929
4937
4943
1591
4931
4933
4955
1593
6137
6466
1255
6156
2428
6149
561
2486
6157
438
138
218
204
200
868
2911
3998
4000
3093
786
2909
2925
3996
4026
3095
782
2694
2921
3990
4004
4358
3173
704
2692
2700
2905
4030
4364
4362
3179
696
2684
2690
2704
4032
4038
4370
4384
3253
622
2052
3652
3668
3682
4440
4446
4609
4607
3263
1400
3650
3672
3678
3720
4444
4476
4611
5028
3333
1444
3734
3736
3744
3722
3972
4484
5032
5037
3347
1448
3738
3748
3754
3942
4488
5002
5039
5622
1488
3928
3934
4667
4671
5000
5602
5610
1496
3932
4661
4673
4707
5598
5612
1532
4657
4693
4713
4725
4759
1544
4691
4715
4721
4755
1576
4930
4936
4944
1592
4934
4948
1256
6473
6467
562
6153
6155
2427
6152
6150
437
139
219
217
205
199
785
2910
2912
3997
4001
3094
783
2695
2920
3995
4003
4359
3174
703
2693
2697
3991
3993
4357
4361
3178
697
2685
2699
2904
4031
4365
4371
4571
3254
621
2053
2689
2705
3683
4039
4369
4383
4569
3262
1399
3651
3669
3677
3707
4445
4479
4610
4606
3334
1401
3671
3673
3719
3721
4477
4483
5027
5029
3346
1443
3737
3745
3753
3971
4489
5003
5031
5621
1449
3747
3749
3943
3969
5001
5013
5040
1487
3933
4660
4666
4708
5597
5611
1497
4658
4662
4706
4710
5613
1531
4692
4694
4712
4726
1545
4716
4720
4754
1575
4935
4945
1257
4947
563
6474
6472
6478
6468
6477
436
6154
6151
140
234
220
216
206
198
784
2076
2913
2915
4002
4062
3175
702
2074
2696
2919
3994
4060
4360
3177
698
2070
2698
2718
3992
4056
4356
4572
3255
620
2054
2686
2716
2903
4040
4366
4372
4570
3261
1354
2688
2706
2714
3684
4368
4376
4382
4568
3335
1398
3670
3676
3708
3706
4478
4480
5026
4605
3345
1402
3674
3712
3718
3958
4482
5004
5030
5043
1442
3746
3752
3962
3970
4490
5012
5041
1450
3750
3944
3968
4518
5014
5016
1486
4659
4665
4705
4709
5596
1498
4663
4699
4711
4741
1530
4695
4719
4727
1546
4717
4751
1574
4946
1258
6475
6471
6470
6469
6480
6476
141
235
233
221
215
207
197
701
2075
2077
2914
2916
4061
4063
3176
699
2071
2073
2719
2918
4057
4059
4573
3256
619
2055
2069
2717
2721
4041
4055
4355
4575
3260
1353
2687
2709
2715
2902
4367
4373
4381
4581
1355
2707
2713
3685
3687
4375
4377
4567
4582
1397
3675
3709
3717
3705
4481
5005
5025
4604
1403
3711
3713
3957
3959
4555
5011
5042
1441
3751
3963
3961
4491
4553
5017
1451
3945
3967
4517
4519
5015
1485
4664
4698
4704
4742
1499
4696
4700
4740
1529
4718
4728
1547
4750
1573
6479
6482
6481
6486
142
250
236
232
222
214
208
196
700
2058
2078
2080
2917
4044
4064
4066
3257
618
2056
2072
2084
2720
4042
4058
4070
4574
3259
1308
2068
2086
2722
2724
4054
4072
4354
4576
1352
2708
2710
2730
2901
4374
4380
4566
1356
2712
2734
3686
3688
4378
4560
4583
1396
3710
3716
3956
3704
4556
5006
5024
1404
3714
3950
3960
4506
4554
5010
1440
3946
3964
4492
4520
4552
1452
3966
4514
4516
4548
1484
4697
4703
4739
1500
4701
4733
1528
4729
1548
6487
6483
6485
6484
143
251
249
237
231
223
213
209
195
617
2057
2059
2079
2081
4043
4045
4065
4067
3258
1307
2067
2085
2083
2725
4053
4071
4069
4577
1309
2087
2089
2723
2727
4073
4075
4353
1351
2711
2731
2729
2900
4379
4559
1357
2733
2735
3689
3691
4557
4561
1395
3715
3949
3955
3703
5007
5023
1405
3947
3951
4505
4507
5009
1439
3965
4493
4509
4521
1453
4513
4515
4547
1483
4702
4732
1501
4730
1527
144
266
252
248
238
230
224
212
210
194
616
2060
2062
2082
2112
4046
4048
4068
4098
1306
2066
2090
2110
2726
4052
4076
4096
1310
2088
2106
2728
2750
4074
4092
1350
2732
2738
2748
2899
4558
1358
2736
2742
3690
3692
4562
1394
3948
3954
4504
3702
5008
1406
3952
4498
4508
4536
1438
4494
4510
4522
1454
4512
4544
1482
4731
1502
267
265
253
247
239
229
225
211
193
615
2061
2063
2111
2113
4047
4049
4097
1305
2065
2091
2109
2751
4051
4077
1311
2105
2107
2749
2753
4091
1349
2737
2739
2747
2898
1359
2741
2743
3693
3695
1393
3953
4497
4503
3701
1407
4495
4499
4535
1437
4511
4523
1455
4543
1481
268
264
254
246
240
228
226
192
614
2064
2094
2114
2116
4050
4080
1304
2092
2108
2120
2752
4078
1312
2104
2122
2754
2756
1348
2740
2746
2762
1360
2744
2766
3694
1392
4496
4502
4534
1408
4500
4528
1436
4524
1456
269
263
255
245
241
227
191
613
2093
2095
2115
2117
4079
1303
2103
2121
2119
2757
1313
2123
2125
2755
1347
2745
2763
1361
2765
2767
1391
4501
4527
1409
4525
1435
270
262
256
244
242
190
612
2096
2098
2118
2148
1302
2102
2126
2146
1314
2124
2142
1346
2764
1362
2768
1390
4526
1410
271
261
257
243
189
611
2097
2099
2147
1301
2101
2127
1315
2141
1345
1363
1389
272
260
258
188
610
2100
2130
1300
2128
1316
273
259
187
609
2129
1299
274
186
608
185
)


// ************************************************************************* //
