/*--------------------------------*- C++ -*----------------------------------*\
| =========                 |                                                 |
| \\      /  F ield         | OpenFOAM: The Open Source CFD Toolbox           |
|  \\    /   O peration     | Version:  2512                                  |
|   \\  /    A nd           | Website:  www.openfoam.com                      |
|    \\/     M anipulation  |                                                 |
\*---------------------------------------------------------------------------*/
FoamFile
{
    version     2.0;
    format      ascii;
    arch        "LSB;label=32;scalar=64";
    class       labelList;
    location    "constant/polyMesh";
    object      faceProcAddressing;
}
// * * * * * * * * * * * * * * * * * * * * * * * * * * * * * * * * * * * * * //


8474
(
341
342
343
344
345
346
-2856
-2757
2859
-8628
8633
8632
347
348
349
-2854
-2760
2857
-8625
8630
8629
2756
-2629
2758
-17323
-17356
17358
8753
8755
8754
350
351
352
-2852
-2763
2855
-8622
8627
8626
2759
-2626
2761
-17315
17322
-17318
8756
8758
8757
-2625
-2507
2630
-17326
-17336
-17352
-17320
-17353
17360
-8872
8877
8876
353
354
355
-2850
-2766
2853
-8619
8624
8623
2762
-2623
2764
-17279
-17312
17314
8759
8761
8760
-2622
-2510
2627
-17313
17324
17325
-17316
17319
17321
-8869
8874
8873
2506
-2379
2508
-17328
-17332
17335
-17350
-17340
17354
17364
17362
17363
8997
8999
8998
356
357
358
-2848
-2769
2851
-8616
8621
8620
2765
-2620
2767
-17250
17278
-17275
8762
8764
8763
-2619
-2513
2624
-17282
-17292
-17308
-17277
-17309
17317
-8866
8871
8870
2509
-2376
2511
-17293
17327
17329
-17310
-17348
17351
-17411
-17423
-17442
9000
9002
9001
-2375
-2257
2380
-17330
-11406
17333
17339
17338
17341
17367
17366
17368
17439
-17436
17440
-9116
9121
9120
359
360
361
-2846
-2772
2849
-8613
8618
8617
2768
-2617
2770
-17247
17248
17249
8765
8767
8766
-2616
-2516
2621
-17252
17280
17281
-17257
17276
-17272
-8863
8868
8867
2512
-2373
2514
-17284
-17288
17291
-17306
-17296
17311
-17274
-17407
17410
9003
9005
9004
-2372
-2260
2377
-17290
-11399
17331
-17297
-17346
17349
-17409
17422
-17417
-17413
-17420
17443
-9113
9118
9117
2256
-2129
2258
-11398
-11402
11405
17343
-11410
17344
17371
17370
17372
-17419
-17433
17437
-17445
-19261
19263
9241
9243
9242
362
363
364
-2844
-2775
2847
-8610
8615
8614
2771
-2614
2773
-14239
-14065
-17245
8768
8770
8769
-2613
-2519
2618
-14066
-13996
17251
-17246
-17253
17256
-8860
8865
8864
2515
-2370
2517
-13997
17283
17285
-17255
-17304
17307
-17260
17273
-17268
9006
9008
9007
-2369
-2263
2374
-17286
-11329
17289
17295
17294
17298
-17406
-17389
17408
-17270
17412
17414
-9110
9115
9114
2259
-2126
2261
-11328
11397
-11393
-17300
-11396
17347
-17390
-17378
17424
-17415
17418
17421
17447
17444
17446
9244
9246
9245
-2125
-2007
2130
-11400
-7795
11403
-11394
11408
11409
17374
-11457
17375
-17426
-17430
17434
-17449
-19178
-19257
19265
-19258
19266
-9360
9365
9364
365
366
367
-2842
-2778
2845
-8607
8612
8611
2774
-2611
2776
-14237
-14068
14238
8771
8773
8772
-2610
-2522
2615
14064
-13999
-14060
-14242
-14062
-17243
-8857
8862
8861
2518
-2367
2520
13994
-13991
13995
-14063
-14005
17254
-17244
17258
17259
9009
9011
9010
-2366
-2266
2371
-13993
-11321
17287
-14006
-17302
17305
-17262
-17387
-17403
-17266
17269
17271
-9107
9112
9111
2262
-2123
2264
-11320
-11324
11327
17299
-11333
17301
-17385
-17381
17388
-17404
-17393
17416
-19125
-19277
19278
9247
9249
9248
-2122
-2010
2127
-11326
-7798
11401
-11332
11395
-11389
17377
-11392
17379
-17394
17425
17427
17451
17448
17450
19269
19268
19270
-9357
9362
9361
2006
-1879
2008
7794
-5937
7796
11413
11412
11414
-11391
-11454
11456
-17428
-11460
17431
-17455
19177
-19172
19259
-19175
-19253
-19300
-19255
-19324
9485
9487
9486
368
369
370
-2840
-2781
2843
-8604
8609
8608
2777
-2608
2779
-14212
-14071
-14234
8774
8776
8775
-2607
-2525
2612
14067
-13973
14069
-14235
14240
14241
-8854
8859
8858
2521
-2364
2523
-13972
-13990
13998
14061
-14002
-14056
-14251
-14058
-17241
9012
9014
9013
-2363
-2269
2368
-13989
-11251
13992
-14000
14003
14004
-14059
-14045
17261
-17242
-17263
17267
-9104
9109
9108
2265
-2120
2267
-11250
11319
-11315
-14008
-11318
17303
-14046
-17383
17386
-17264
-17401
17405
-18502
19124
-19121
9250
9252
9251
-2119
-2013
2124
-11322
-7801
11325
-11316
11330
11331
17380
-11380
17382
17392
17391
17395
-19127
-19132
-19273
-19122
-19274
19279
-9354
9359
9358
2009
-1876
2011
7797
-5940
7799
-11337
-11419
11421
-11379
11390
-11384
-17397
-11387
17429
17453
17452
17454
19271
-19171
19272
-19282
19299
-19295
9488
9490
9489
-1875
1880
5936
-4763
5938
11416
-10624
11417
-11424
-11434
-11450
-11386
-11451
11459
-17459
-11466
19180
-19170
19173
19174
19254
-19188
-19249
-19298
-19251
-19321
-9604
9609
9608
371
372
373
-2838
-2784
2841
-8601
8606
8605
2780
-2605
2782
-14210
-14075
14211
8777
8779
8778
-2604
-2528
2609
14070
-13975
14072
-14214
14236
-14231
-8851
8856
8855
2524
-2361
2526
13970
-13967
13971
14243
-13982
14244
-14233
-14248
14250
9015
9017
9016
-2360
-2272
2365
-13969
-11243
-13985
-13980
-13986
14001
14057
-14048
-14051
-14254
-14053
-17238
-9101
9106
9105
2268
-2117
2270
-11242
-11246
11249
-13987
-11255
14007
14044
-14011
-14039
-14054
-14041
17265
-17240
-18498
18501
9253
9255
9254
-2116
-2016
2121
-11248
-7804
11323
-11254
11317
-11311
-14012
-11314
17384
-14042
-17399
17402
-18500
19126
19128
-18505
19123
-19118
-9351
9356
9355
2012
-1873
2014
7800
-5943
7802
11335
11334
11336
-11313
-11376
11378
17396
-11382
17398
-19129
-18467
19131
19276
-19136
19275
-19119
19280
19281
9491
9493
9492
-1872
1877
5939
-4760
5941
-11340
-10627
11420
-11377
11422
11423
-11381
11385
11388
17458
17456
17457
-19135
-18460
-19167
-19285
-19169
19301
-19293
19296
19297
-9601
9606
9605
-4759
4761
10623
-4766
10625
-11426
-11430
11433
-11448
-11438
11452
11463
11462
11464
-18461
-17676
19182
-19168
-19184
19187
19250
-19192
-19245
-19319
-19247
19322
9729
9731
9730
374
375
376
-2836
-2787
2839
-8598
8603
8602
2783
-2602
2785
-14087
-14078
-14207
8780
8782
8781
-2601
-2531
2606
14073
-13925
14074
-14208
-14203
14213
-8848
8853
8852
2527
-2358
2529
-13924
-13966
13974
-14204
-13978
14245
-14217
14232
-14227
9018
9020
9019
-2357
-2275
2362
-13965
-11173
13968
-13976
13979
13981
-14246
-14021
14249
-14228
14252
14253
-9098
9103
9102
2271
-2114
2273
-11172
11241
-11237
-13983
-11240
13988
-14020
-14015
14047
14052
-14049
14055
-14506
17239
-17234
9256
9258
9257
-2113
-2019
2118
-11244
-7807
11247
-11238
11252
11253
14009
-11302
14010
14040
-14036
14043
-18497
-18480
18499
-17236
18503
18504
-9348
9353
9352
2015
-1870
2017
7803
-5946
7805
-11259
-11341
11343
-11301
11312
-11306
-14037
-11309
17400
-18481
-18469
19130
-18507
-19139
-19286
-18573
19120
-19115
9494
9496
9495
-1869
1874
5942
-4711
5944
11338
-10630
11339
-11346
-11356
-11372
-11308
-11373
11383
18466
-17584
-18462
19133
-18463
19134
19283
-19149
19284
-19117
-19290
19294
-9598
9603
9602
-4710
-4756
10626
-4758
10628
-11357
11425
11427
-11374
-11446
11449
17461
17460
17462
18459
-17656
-18455
-19148
-18457
-19163
-19291
-19166
19302
-19318
-19304
19320
9732
9734
9733
-4757
4764
-11428
-4769
11431
11437
11436
11439
11468
11467
11469
-17655
-17671
17674
-18458
-17680
19185
-19164
19190
19191
19246
-19201
-19240
-20387
-19243
-21167
-9845
9848
-7102
377
378
379
-2834
-2790
2837
-8595
8600
8599
2786
-2599
2788
-14084
-14080
14086
8783
8785
8784
-2598
-2534
2603
14076
-13927
14077
-14091
-14205
14209
-8845
8850
8849
2530
-2355
2532
13922
-13919
13923
14202
-13934
-14198
14215
-14199
14216
9021
9023
9022
-2354
-2278
2359
-13921
-11165
-13962
-13933
-13963
13977
-14201
-14023
14247
-14225
14229
14230
-9095
9100
9099
2274
-2111
2276
-11164
-11168
11171
-13964
-11177
13984
14018
-14016
14019
14255
-14029
14256
14504
-14502
14505
9259
9261
9260
-2110
-2022
2115
-11170
-7810
11245
-11176
11239
-11233
14013
-11236
14014
-14028
-14034
14050
-14503
-18478
-18494
-17232
17235
17237
-9345
9350
9349
2018
-1867
2020
7806
-5949
7808
11257
11256
11258
-11235
-11298
11300
-14033
-11304
14038
-18476
-18472
18479
-18495
-18484
18506
-18570
-18510
18572
9497
9499
9498
-1866
1871
5945
-4708
5947
-11262
-10633
11342
-11299
11344
11345
-11303
11307
11310
18468
-17578
18470
-18486
19137
19138
-18512
-19151
19287
-18577
19116
-19112
-9595
9600
9599
-4707
4709
10629
-4714
10631
-11348
-11352
11355
-11370
-11360
11375
-17577
-17581
17583
18464
-17588
18465
19146
-19144
19147
-19288
-19162
19292
-19114
-19308
-19315
9735
9737
9736
-4713
-4753
-11354
-4755
11429
-11361
-11444
11447
17464
17463
17465
-17587
17654
-17650
18456
-17653
-18451
-19160
-18453
19165
19303
-19205
19305
-19317
20386
-20383
-9843
9846
-7099
-4754
4767
11441
-4772
11442
11472
11471
11473
-17658
-17668
17672
-17651
17677
17678
-18454
-17882
19194
19199
-19196
19200
19241
-19237
19242
-20385
-21165
-7212
-7097
7101
380
381
382
-2832
-2793
2835
-8592
8597
8596
2789
-2596
2791
-12902
-14082
14085
8786
8788
8787
-2595
-2537
2600
14079
-13501
14081
14089
14088
14090
-8842
8847
8846
2533
-2352
2535
-13500
-13918
13926
-14094
-13930
14206
-14107
14218
14219
9024
9026
9025
-2351
-2281
2356
-13917
-11095
13920
-13928
13931
13932
14200
-13943
-14194
-14223
-14196
14226
-9092
9097
9096
2277
-2108
2279
-11094
11163
-11159
-13936
-11162
-13959
-13942
-13961
14022
-14197
-14025
14257
14507
-14261
14508
9262
9264
9263
-2107
-2025
2112
-11166
-7813
11169
-11160
11174
11175
-13960
-11224
14017
-14024
14027
14030
-14260
-14487
-14498
-17231
-14499
17233
-9342
9347
9346
2021
-1864
2023
7809
-5952
7811
-11181
-11263
11265
-11223
11234
-11228
-14031
-11231
14035
-14488
-18474
18477
-14500
-18492
18496
-18569
-18555
18571
9500
9502
9501
-1863
1868
5948
-4659
5950
11260
-10636
11261
-11268
-11278
-11294
-11230
-11295
11305
18471
-17506
18473
18483
18482
18485
18509
18508
18511
18575
18574
18576
-9592
9597
9596
-4658
-4704
10632
-4706
10634
-11279
11347
11349
-11296
-11368
11371
-17505
17576
-17572
-18489
-17575
19140
-18516
-19142
19150
-18580
-19155
19289
-18685
19113
-19109
9738
9740
9739
-4705
4712
-11350
-4717
11353
11359
11358
11362
-17579
-17469
17582
-17573
17585
17586
-19141
-17641
19145
-19153
-19158
19161
19306
-19209
19307
-19111
-19312
19316
-9841
9844
-7096
-4716
-4750
-11364
-4752
11445
17466
-11479
17467
-17592
17657
17659
-17640
17652
-17645
18452
-17649
-18446
19203
-18448
19204
-19314
-19230
20388
-20382
20384
-7215
-7094
7098
-4751
4770
11475
-4775
11476
-17661
-17665
17669
17683
17681
17682
-17647
-17710
-17876
-18447
-17880
19197
-19229
-19234
19239
-20390
-21163
-7300
7210
7211
383
384
385
-2830
-2796
2833
-8589
8594
8593
2792
-2593
2794
-12872
-12899
12901
8789
8791
8790
-2592
-2540
2597
-12900
-13493
14083
-12904
-14095
14097
-8839
8844
8843
2536
-2349
2538
-13492
-13496
13499
14092
-13505
14093
-14099
-14103
14106
9027
9029
9028
-2348
-2284
2353
-13498
-11087
-13914
-13504
-13915
13929
-14105
-13945
14220
-14111
-14221
14224
-9089
9094
9093
2280
-2105
2282
-11086
-11090
11093
-13916
-11099
13935
13940
-13937
13941
14195
-13952
-14190
14509
-14192
14510
9265
9267
9266
-2104
-2028
2109
-11092
-7816
11167
-11098
11161
-11155
-13939
-11158
-13955
-13950
-13956
14026
-14191
14258
14259
-14519
-14496
-17228
-9339
9344
9343
2024
-1861
2026
7812
-5955
7814
11179
11178
11180
-11157
-11220
11222
-13957
-11226
14032
-14263
-14484
14486
-14495
-14490
14501
-17230
-18559
-18566
9503
9505
9504
-1860
1865
5951
-4656
5953
-11184
-10639
11264
-11221
11266
11267
-11225
11229
11232
-14485
-17503
18475
-14491
-18490
18493
18554
-18553
18556
-18567
-18581
18583
-9589
9594
9593
-4655
4657
10635
-4662
10637
-11270
-11274
11277
-11292
-11282
11297
-17501
-17497
17504
18487
-17510
18488
18515
18513
18514
18578
-18547
18579
-18587
18684
-18680
9741
9743
9742
-4661
-4701
-11276
-4703
11351
-11283
-11366
11369
-17498
-17472
17580
-17509
17574
-17568
-18519
-17571
19143
-18549
19152
19154
-18687
-19215
19309
-18683
19110
-19106
-9839
9842
-7093
-4702
4715
11363
-4720
11365
17468
-11482
17470
17590
17589
17591
-17570
-17637
17639
-19156
-17644
19159
19207
19206
19208
-19310
-19226
19313
-19108
-20380
-7218
-7091
7095
-4719
-4747
11478
-4749
11480
-17596
17660
17662
-17638
-17695
-17712
-17642
17646
17648
18449
-18445
18450
-19225
19228
19231
-20381
20389
-7263
7213
7214
-4748
4773
-17663
-4778
17666
17686
17685
17687
17708
-17705
17709
17879
-17874
17878
-19232
-18440
19236
-20392
-21162
-7298
-7262
-7296
386
387
388
-2828
-2799
2831
-8586
8591
8590
2795
-2590
2797
-12864
12871
-12867
8792
8794
8793
-2589
-2543
2594
-12875
-12880
-12895
-12869
-12896
12903
-8836
8841
8840
2539
-2346
2541
-12881
13491
-13487
-12898
-13490
14096
-12908
14098
14100
9030
9032
9031
-2345
-2287
2350
-13494
-11017
13497
-13488
13502
13503
-14101
-13517
14104
14109
14108
14110
-9086
9091
9090
2283
-2102
2285
-11016
11085
-11081
-13508
-11084
-13911
-13516
-13913
13944
-14114
-13948
14222
-14127
14511
14512
9268
9270
9269
-2101
-2031
2106
-11088
-7819
11091
-11082
11096
11097
-13912
-11146
13938
-13946
13949
13951
14193
-14175
-14185
-14516
-14188
14518
-9336
9341
9340
2027
-1858
2029
7815
-5958
7817
-11103
-11185
11187
-11145
11156
-11150
-13953
-11153
13958
-14176
14262
14264
-14186
-14493
14497
-14523
17229
-17225
9506
9508
9507
-1857
1862
5954
-4607
5956
11182
-10642
11183
-11190
-11200
-11216
-11152
-11217
11227
-14267
-14301
-14480
14489
-14481
14492
18557
-18528
18558
-17227
-18563
18568
-9586
9591
9590
-4606
-4652
10638
-4654
10640
-11201
11269
11271
-11218
-11290
11293
-14302
-17499
17502
-14482
-17513
18491
-18527
-18522
-18550
-18564
-18551
18582
18585
18584
18586
9744
9746
9745
-4653
4660
-11272
-4665
11275
11281
11280
11284
17496
-17476
-17491
17507
-17492
17508
18517
-17554
18518
18546
-18543
18548
-18591
-18625
18686
-18678
18681
18682
-9836
-7089
9840
-4664
-4698
-11286
-4700
11367
17471
-11485
17473
-17495
-17602
17604
-17553
17569
-17563
-18545
-17567
19157
-18626
-19212
19214
-18689
-19218
19311
19107
-7220
-19105
-7088
7092
-4699
4718
11481
-4723
11483
17594
17593
17595
-17607
-17617
-17633
-17565
-17634
17643
19210
-17837
19211
-19217
-19222
19227
-20379
-20376
-7260
7216
7217
-4722
-4744
-17599
-4746
17664
-17618
-17692
17694
-17635
-17698
17713
-17836
-17718
-18442
-19223
-18443
19233
-20377
20391
-7266
-7259
7261
-4745
4776
17689
-4781
17690
-17697
-17702
17706
-17717
-17865
-17870
18439
-17872
18441
-20394
-20405
-7295
-7265
-7293
389
390
391
-2826
-2802
2829
-8583
8588
8587
2798
-2587
2800
-12835
-12861
12863
8795
8797
8796
-2586
-2546
2591
-12862
12873
12874
-12865
12868
12870
-8833
8838
8837
2542
-2343
2544
-12876
12878
12879
-12893
-12888
12897
12906
12905
12907
9033
9035
9034
-2342
-2290
2347
-12883
-11009
13495
-12890
13489
-13483
-12912
-13486
14102
-13011
-14115
14117
-9083
9088
9087
2286
-2099
2288
-11008
-11012
11015
13506
-11021
13507
-13485
-13512
13515
14112
-13521
14113
-14119
-14123
14126
9271
9273
9272
-2098
-2034
2103
-11014
-7822
11089
-11020
11083
-11077
-13514
-11080
-13908
-13520
-13909
13947
-14125
-14172
14513
-14130
-14514
14517
-9333
9338
9337
2030
-1855
2032
7818
-5961
7820
11101
11100
11102
-11079
-11142
11144
-13910
-11149
13954
-14171
14173
14174
14187
-14182
14189
14521
14520
14522
9509
9511
9510
-1854
1859
5957
-4604
5959
-11106
-10645
11186
-11143
11188
11189
-11147
11151
11154
-14178
14265
14266
-14183
-14479
14494
-14527
-18530
18560
-17191
17226
-17222
-9583
9588
9587
-4603
4605
10641
-4610
10643
-11192
-11196
11199
-11214
-11204
11219
-14269
-14298
14300
-14478
-14305
14483
18525
-18523
18526
-18561
-18536
18565
-17224
-18642
-18676
9747
9749
9748
-4609
-4649
-11198
-4651
11273
-11205
-11288
11291
-14299
-17478
17500
-14306
17511
17512
18520
-17556
18521
-18535
-18541
18552
18590
18588
18589
-18677
-18634
18679
-9833
9838
-4650
4663
11285
-4668
11287
17474
-11488
17475
17493
-17488
17494
17551
-17549
17552
-18540
-17562
18544
-18594
-18622
18624
-18635
-18628
18688
-19103
-19104
-19095
-19099
-7084
19102
-19093
-19100
-4667
-4695
11484
-4697
11486
-17490
-17600
17603
-17550
17605
17606
-17560
17564
17566
-18623
-17839
19213
-18630
19216
19219
-18692
-20378
-7223
-7085
7219
-19098
-19101
-4696
4721
17597
-4726
17598
-17609
-17613
17616
-17631
-17621
17636
17834
-17832
17835
-19220
-17845
19224
20375
-20373
-7258
-7222
-7256
-4725
-4741
-17615
-4743
17693
-17622
17696
17699
17715
17714
17716
-17844
-17851
18444
-20374
20393
-7269
-7257
7264
-4742
4779
-17700
-4784
17703
-17722
-17862
17864
-17850
-17867
17873
-20396
-20402
-7292
-7268
-7290
392
393
394
-2824
-2805
2827
-8580
8585
8584
2801
-2584
2803
-11766
12834
-12831
8798
8800
8799
-2583
-2549
2588
-12838
-12842
-12857
-12833
-12858
12866
-8830
8835
8834
2545
-2340
2547
-12843
-11663
12877
-12859
-12891
12894
-12999
13000
13001
9036
9038
9037
-2339
-2293
2344
-11664
-10912
12882
12887
-12884
12889
12910
12909
12911
13009
-13006
13010
-9080
9085
9084
2289
-2096
2291
-10911
11007
-11003
-12886
-11006
13509
-12916
13484
-13479
-13008
-13482
14116
-13046
14118
14120
9274
9276
9275
-2095
-2037
2100
-11010
-7825
11013
-11004
11018
11019
-13510
-11068
13513
-13480
13518
13519
-14121
-13532
14124
14129
14128
14131
-9330
9335
9334
2033
-1852
2035
7821
-5964
7823
-11025
-11107
11109
-11067
11078
-11072
-13524
-11076
-13905
-13533
-13906
-14168
-14134
-14170
14515
14546
-14545
14547
9512
9514
9513
-1851
1856
5960
-4485
5962
11104
-10648
11105
-11112
-11122
-11138
-11074
-11139
11148
-13907
-13644
14177
-14169
-14179
14184
14526
14524
14525
-17189
-14538
17190
-9580
9585
9584
-4484
-4600
10644
-4602
10646
-11123
11191
11193
-11140
-11212
11215
-13645
14268
14270
-14180
-14308
-14474
-14530
-14477
18529
-14540
-18532
18562
-17194
17223
-17219
9750
9752
9751
-4601
4608
-11194
-4613
11197
11203
11202
11206
-14273
-14277
-14294
14303
-14295
14304
-14476
-14350
18524
-18531
18534
18537
18641
-18603
-18637
-17221
-18640
-18673
-9830
9835
-4612
-4646
-11208
-4648
11289
-14278
-11491
17477
-14297
-17481
17514
-14349
-17518
17555
-18538
-17559
18542
18593
18592
18595
18633
-18631
18636
-19079
-19085
-19074
-19077
-19076
-19068
19078
-4647
4666
11487
-4671
11489
-17480
-17485
17489
-17517
-17528
-17545
-17557
-17546
17561
-18598
-17767
-18618
18627
-18619
18629
18691
18693
18690
-7082
-19092
-19084
19094
19097
-19096
7087
-7080
-19082
-19089
-19091
-4670
-4692
-17487
-4694
17601
-17529
17608
17610
-17547
-17629
17632
-17766
-17831
17838
-18621
-17841
19221
-18695
-20372
-7226
-7081
7221
-4693
4724
-17611
-4729
17614
17620
17619
17623
-17830
-17821
17833
-17840
17843
17846
-20371
-20368
-7255
-7225
-7253
-4728
-4738
-17625
-4740
17701
17720
17719
17721
-17847
17849
17852
-20369
20395
-7272
-7254
7267
-4739
4782
-17725
-4786
-17858
-17854
-17859
17869
-20398
-20400
-7289
-7271
-7287
395
396
397
-2822
-2808
2825
-8577
8582
8581
2804
-2581
2806
-11759
-11762
11765
8801
8803
8802
-2580
-2552
2585
-11764
12836
12837
-11769
12832
-12828
-8827
8832
8831
2548
-2337
2550
-12839
-11666
12841
-12855
-12846
12860
-12830
-12958
-12997
9039
9041
9040
-2336
-2296
2341
11662
-10909
-11658
-12847
-11661
12892
-12959
-12931
13002
-12998
-13004
13012
-9077
9082
9081
2292
-2093
2294
-10908
-10688
10910
-11660
-10915
12885
12915
12913
12914
-13003
-12923
13007
-13014
-13043
13045
9277
9279
9278
-2092
-2040
2097
-10689
-7828
11011
-10914
11005
-10999
-12918
-11002
13511
-12925
13481
-13475
-13044
-13478
14122
-13049
-14135
14137
-9327
9332
9331
2036
-1849
2038
7824
-5967
7826
11023
11022
11024
-11001
-11064
11066
13522
-11071
13523
-13477
-13528
13531
14132
-13535
14133
-14139
-14145
14548
9515
9517
9516
-1848
1853
5963
-4482
5965
-11028
-10651
11108
-11065
11110
11111
-11069
11073
11075
-13530
-13647
-13902
-13537
-13903
-14165
-14144
-14167
-14541
-14552
-14544
-17187
-9577
9582
9581
-4481
4483
10647
-4488
10649
-11114
-11118
11121
-11136
-11126
11141
13642
-13640
13643
-13904
-13652
14181
-14166
14528
14529
14537
-14534
14539
-17188
17192
17193
9753
9755
9754
-4487
-4597
-11120
-4599
11195
-11127
-11210
11213
-13641
14271
14272
-13653
-14292
14307
14475
-14312
-14470
-14536
-14472
18533
-17196
-18605
18643
-17201
17220
-17216
-9827
9832
-4598
4611
11207
-4616
11209
-14274
-11494
14276
-14291
-14281
14296
-14310
-14346
14348
-14473
-14354
18539
18601
-18599
18602
18638
-18611
18639
18674
-17218
-18671
-4615
-4643
11490
-4645
11492
-14283
17479
17482
-14347
17515
17516
-14353
-17543
17558
18596
-17769
18597
-18610
-18616
18632
-19075
-18672
28510
-19080
19083
19072
19073
-19071
-19066
-19064
-19058
19067
19081
-4644
4669
-17483
-4674
17486
-17520
-17524
17527
-17542
-17532
17548
17764
-17761
17765
-18615
-17775
18620
18696
18694
-7078
-7076
-19090
-19087
-19088
-4673
-4689
-17526
-4691
17612
-17533
-17627
17630
-17763
-17823
-17826
-17774
-17827
17842
-18698
-20370
-7229
-7077
7224
-4690
4727
17624
-4732
17626
17820
-17728
-17815
-17828
-17817
17848
20367
-20365
-7252
-7228
-7250
-4731
-4735
17723
-4737
17724
-17818
17853
17855
-20366
20397
-7275
-7251
7270
-4736
-3635
-17856
-3636
17861
-20399
-20355
-7286
-7274
-7284
398
399
400
-2820
-2811
2823
-8574
8579
8578
2807
-2578
2809
-11748
11758
-11754
8804
8806
8805
-2577
-2555
2582
-11760
-11675
11763
-11755
11767
11768
-8824
8829
8828
2551
-2334
2553
-11676
-11669
12840
-11772
-12853
12856
-11782
12829
-12825
9042
9044
9043
-2333
-2299
2338
11665
-10703
11667
12845
12844
12848
12957
-12935
-12952
-12827
-12955
-12994
-9074
9079
9078
2295
-2090
2297
-10702
-10691
-10904
11659
-10907
-11654
12930
-11656
-12926
-12956
-12928
13005
-12995
13013
13015
9280
9282
9281
-2089
-2043
2094
10687
-7832
-10682
-10905
-10683
10913
-11655
-10919
12917
12922
-12919
12924
-13018
-13023
-13039
13047
-13040
13048
-9324
9329
9328
2039
-1846
2041
7827
-5970
7829
-10686
-11029
11031
-10918
11000
-10994
-12921
-10998
13525
-13024
13476
-13471
-13042
-13473
14136
-13452
14138
14140
9518
9520
9519
-1845
1850
5966
-4349
5968
11026
-10654
11027
-11034
-11044
-11060
-10996
-11061
11070
-13526
-11538
13529
-13472
13534
13536
-14141
14143
14146
14550
14549
14551
-9574
9579
9578
-4348
-4478
10650
-4480
10652
-11045
11113
11115
-11062
-11134
11137
-11540
-13554
13646
-13539
-13650
-13898
-14149
-13900
-14161
14542
-14163
14543
-16233
-16302
-17185
9756
9758
9757
-4479
4486
-11116
-4491
11119
11125
11124
11128
-13553
-13558
-13637
-13648
-13638
13651
-13901
-13657
14531
-14162
-14532
14535
-16303
-16308
17195
-17186
-17197
17200
-9824
9829
-4490
-4594
-11130
-4596
11211
-13559
-11497
14275
-13639
-14289
14293
-13656
14309
14311
14471
-14356
-14466
-16309
-14469
18604
-17199
-18607
18644
-17204
17217
-4595
4614
11493
-4619
11495
14280
14279
14282
-14315
-14325
-14342
14351
-14343
14352
-14468
-14398
18600
-18606
18609
18612
-18647
-18652
-4618
-4640
-14286
-4642
17484
-14326
17519
17521
-14345
-17540
17544
-14397
-17760
17768
-18613
-17771
18617
-18653
28512
19086
-19065
-19069
-19062
-19063
19057
-19055
19056
19070
-19060
-4641
4672
-17522
-4677
17525
17531
17530
17534
-17759
-17741
17762
-17770
17773
17776
18699
18697
-7074
-7072
-4676
-4686
-17536
-4688
17628
-17742
-17731
17822
-17778
-17824
17829
-18701
-20364
-7232
-7073
7227
-4687
4730
17726
-4734
17727
17816
-17812
17819
-20363
-20360
-7249
-7231
-7247
-4733
-3638
-17813
-3639
17857
-20361
-20357
-7278
-7248
7273
3634
-1644
20354
-1645
-7283
-7277
-7281
401
402
403
-2818
-2814
2821
-8572
8576
8575
2810
-2575
2812
11746
-11744
11747
8807
8809
8808
-2574
-2558
2579
-11745
-11678
11761
-11752
11756
11757
-8821
8826
8825
2554
-2331
2556
11673
-11671
11674
11770
-11684
11771
11780
-11777
11781
9045
9047
9046
-2330
-2302
2335
11668
-10700
11670
-11685
-12851
12854
-11779
-12941
12960
-11813
12826
-12822
-9071
9076
9075
2298
-2087
2300
-10698
-10694
10701
12849
-10708
12850
12933
12932
12934
12953
-12950
12954
-12824
-12992
12996
9283
9285
9284
-2086
-2046
2091
10690
-7835
10692
-10707
10906
-10900
11657
-10903
-11650
12927
-11652
12929
-12993
13016
13017
13050
-13037
13051
-9321
9326
9325
2042
-1843
2044
7830
-5973
7831
10685
-10679
10684
-10901
10916
10917
-11651
-10993
12920
-13019
13021
13022
-13036
-13031
13041
-13445
-13448
13451
9521
9523
9522
-1842
1847
5969
-4346
5971
-10681
-10657
11030
-10923
11032
11033
-10992
10995
10997
-13026
-11542
13527
-13033
13474
-13467
-13450
-13468
14142
-13454
-14555
14557
-9571
9576
9575
-4345
4347
10653
-4352
10655
-11036
-11040
11043
-11058
-11048
11063
11537
-11534
11539
13541
13538
13540
-13469
14147
14148
14553
-14159
14554
-14560
-16230
16232
9759
9761
9760
-4351
-4475
-11042
-4477
11117
-11049
-11132
11135
-11536
13552
-13547
-13544
-13551
13649
13899
-13659
-13894
-14158
-13896
14164
-16231
16301
-16297
-16236
-16299
-17183
-9821
9826
-4476
4489
11129
-4494
11131
-13555
-11500
13557
-13550
-13562
-13632
13654
-13633
13655
-13897
-13666
14533
-16304
16306
16307
-16300
-16315
17198
-17184
17202
-4493
-4591
11496
-4593
11498
-13564
-14287
14290
-13636
14313
14314
-13665
-14340
14355
14467
-14360
-14462
-16316
-14464
18608
-17206
18645
-4592
4617
14284
-4622
14285
-14317
-14321
14324
-14339
-14329
14344
-14358
-14394
14396
-14465
-14402
18614
-18648
18650
-4621
-4637
-14323
-4639
17523
-14331
-17538
17541
-14395
-17739
-17755
-14401
-17756
17772
-18655
-18703
19061
-19059
-19050
-19053
-19052
-19045
-19047
-19048
-4638
4675
17535
-4680
17537
-17737
-17733
17740
-17757
-17745
17777
18700
-17780
-7070
-7068
-4679
-4683
17729
-4685
17730
-17747
-17811
17825
-17782
-20362
-7235
-7069
7230
-4684
-3641
-17810
-3642
17814
20359
-20358
-7246
-7234
-7244
3637
-1647
20356
-1648
-7280
-7245
7276
1643
-1298
-7279
-1299
404
405
-602
-2816
2819
-408
-8569
8573
2813
-2572
2815
-8571
-8566
11749
8810
8812
8811
-2571
-2561
2576
-8565
-8554
-11741
-11750
-11742
11753
-8818
8823
8822
2557
-2328
2559
-8553
-8506
11677
-11743
-11681
11773
11783
-11775
11784
9048
9050
9049
-2327
-2305
2332
-8505
-7897
11672
-11679
11682
11683
-11774
-11692
11778
-11793
-11809
11812
-9068
9073
9072
2301
-2084
2303
-7896
-10696
10699
-11687
-10715
12852
-11694
-12938
12940
-11811
-12944
12961
-11817
12823
-12818
9286
9288
9287
-2083
-2049
2088
10693
-7838
10695
10705
10704
10706
12936
-10757
12937
-12943
-12948
12951
-12964
-12973
-12988
-12820
-12990
13052
-9318
9323
9322
2045
-1840
2047
7833
-5976
7834
-10711
-10678
-10953
-10756
10902
-10896
11653
-10899
-11646
-12974
-11648
13020
-12989
-13034
13038
-13056
13444
-13440
9524
9526
9525
-1839
1844
5972
-4213
5974
-10676
-10660
10680
10922
10920
10921
-10898
-10949
-10988
-11649
-10991
13025
13030
-13027
13032
-13446
-13091
13449
-13441
13453
13455
-9568
9573
9572
-4212
-4342
10656
-4344
10658
-10927
11035
11037
-10950
-11056
11059
-10989
-11533
11541
-13029
-11546
-14152
-13093
13470
-13462
-13457
-13465
14556
14559
14558
14561
9762
9764
9763
-4343
4350
-11038
-4355
11041
11047
11046
11050
-11532
-11514
11535
-11544
13542
13543
14150
-13613
14151
-13464
-14156
14160
-14565
-16215
-16226
16234
-16227
16235
-9818
9823
-4354
-4472
-11052
-4474
11133
-11515
-11503
13556
-13545
13548
13549
-13612
-13631
13658
13895
-13662
-13890
-16216
-13892
16305
-16229
16298
-16293
-16283
-16295
-4473
4492
11499
-4497
11501
13561
13560
13563
-13630
13635
13634
-13660
13663
13664
-13893
-13776
16310
16313
-16311
16314
-16296
-16322
-4496
-4588
-13567
-4590
14288
-13676
14316
14318
-13669
-14337
14341
-13775
14357
14359
14463
-14404
-14458
-16323
-14460
-4589
4620
-14319
-4625
14322
14328
14327
14330
-14363
-14373
-14390
14399
-14391
14400
-14461
-14445
-4624
-4634
-14334
-4636
17539
-14374
-17735
17738
-14393
-17753
17758
-14446
18702
19049
-19043
-19046
-19044
19042
-4635
4678
17732
-4682
17734
17744
17743
17746
17781
17779
-7066
-7064
-4681
-3644
-17750
-3645
-17807
-17785
-17809
-7238
-7065
7233
3640
-1650
-17808
-1651
-7243
-7237
-7241
1646
-1295
-7242
-1296
-1294
406
407
601
-598
-600
-2569
2817
-605
-8567
8570
-411
8814
8813
-2568
-2564
2573
8564
-8556
-8559
-11723
-8563
11751
-8815
8820
8819
2560
-2325
2562
8552
-8509
-8547
-8562
-8551
-11738
11785
-11740
11786
9051
9053
9052
-2324
-2308
2329
8504
-7894
-8500
-8549
-8502
11680
-11739
-11696
11776
-11790
11792
11794
-9065
9070
9069
2304
-2081
2306
-7893
-7865
7895
-8503
-7900
11686
11691
-11688
11693
-11796
-11806
11810
11815
11814
11816
9289
9291
9290
-2080
-2052
2085
-7866
-7841
10697
-7899
-10712
10714
-11690
-10719
12939
-11808
12942
12945
-11821
12962
12963
-12817
12819
12821
-9315
9320
9319
2048
-1837
2050
7836
-5979
7837
10709
-10674
10710
-10717
-10753
10755
-12946
-10761
12949
-12966
-12970
12972
-12986
-12977
12991
13054
13053
13055
9527
9529
9528
-1836
1841
5975
-4210
5977
-10673
-10663
10677
-10754
-10934
-10951
-10760
10897
-10892
11647
-10895
-11642
-12978
-11645
13035
-13060
-13089
13447
-13438
13442
13443
-9565
9570
9569
-4209
4211
10659
-4216
10661
10925
10924
10926
10947
-10944
10948
-10894
-10986
10990
-11644
-11548
13028
-13088
13090
13092
13458
13456
13459
14662
-14660
14663
9765
9767
9766
-4215
-4339
-10930
-4341
11039
-10946
-11054
11057
-10987
-11512
-11528
11543
-11529
11545
-13095
-13615
14153
-13460
13463
13466
14563
14562
14564
-14668
-16224
16237
-9815
9820
-4340
4353
11051
-4358
11053
-11510
-11506
11513
-11530
-11518
13546
13610
-13607
13611
-14154
-13622
14157
-14568
-16213
16214
-16223
-16218
16228
-16241
16282
-4357
-4469
11502
-4471
11504
-11519
-13568
13570
-13609
-13573
-13625
-13620
-13626
13661
13891
-13778
-13886
-16220
-13889
16317
-16285
16294
-4470
4495
13565
-4500
13566
-13574
13675
-13670
-13627
13667
13668
13774
-13748
-13769
-13888
-13773
16312
-16318
16320
-4499
-4585
-13678
-4587
14320
-13674
-14335
14338
-13749
14361
14362
-13772
-14388
14403
14459
-14408
-4586
4623
14332
-4628
14333
-14365
-14369
14372
-14387
-14377
14392
-14406
-14442
-4627
-4631
-14371
-4633
17736
-14379
-17751
17754
-14443
18705
-4632
-3647
17748
-3648
17749
17784
-7062
17783
-7060
3643
-1653
-1654
-7240
-17806
-7061
7236
1649
-1292
-7239
-1293
-1291
409
410
604
603
599
-595
-597
-2566
2570
-608
-8517
8568
-648
-11721
11722
-414
8817
8816
2563
-2322
2565
-8516
-8512
8555
8561
-8557
8560
-11725
-11717
11787
9054
9056
9055
-2321
-2311
2326
8507
-7875
8508
8548
-8545
8550
-11716
-11701
-11734
-11788
-11735
11791
-9062
9067
9066
2307
-2078
2309
-7874
-7869
-7889
8501
-7892
-8495
11695
-8497
11697
-11736
11795
11797
-12746
12756
-12752
9292
9294
9293
-2077
-2055
2082
7864
-7844
-7859
-7890
-7861
7898
-8496
-7905
11689
-11799
-11803
11807
11819
11818
11820
-12754
-12774
-12813
-9312
9317
9316
2051
-1834
2053
7839
-5982
7840
-7863
-10671
10713
-7903
10716
10718
-11805
-10764
12947
-11825
12965
12967
-12775
-12984
12987
-12816
13431
-13428
9530
9532
9531
-1833
1838
5978
-4077
5980
-10670
-10666
10675
-10722
-10732
-10749
10758
-10750
10759
-12968
-10883
12971
12976
12975
12979
13058
13057
13059
-13430
-13435
13439
-9562
9567
9566
-4076
-4206
10662
-4208
10664
-10733
-10931
10933
-10752
-10937
10952
-10882
10893
-10887
11643
-10891
-11637
-13064
-11639
-13083
-13437
-13087
-14657
-14647
-14659
14664
9768
9770
9769
-4207
4214
10928
-4219
10929
-10936
-10941
10945
-10956
-10966
-10982
-10889
-10984
11547
-11640
-11552
13094
-13085
-13097
13461
-14658
-14577
14661
-14665
14667
14669
-9812
9817
-4218
-4336
-10943
-4338
11055
-10967
-11508
11511
-10983
-11526
11531
-11553
-13606
13614
-13098
-13618
14155
14567
14566
14569
-14671
-16221
16225
16239
16238
-4337
4356
11505
-4361
11507
11517
11516
11520
-13605
-13588
13608
-13616
13619
13621
-14572
-13727
-16210
16217
-16211
16219
-16244
-16249
-4360
-4466
-11522
-4468
13569
13572
13571
13575
-13623
13628
13629
-13726
-13745
13777
13887
-13780
-13882
-16250
-13884
-4467
4498
-13577
-4503
13677
13672
13671
13673
-13744
13746
13747
13770
-13766
13771
-13885
-13870
-4502
-4582
-13681
-4584
14336
-13752
14364
14366
-13768
-14385
14389
-13869
14405
-4583
4626
-14367
-4630
14370
14376
14375
14378
-14411
-14421
-4629
-3650
-14382
-3651
17752
-14422
18707
3646
-1656
-17788
17805
-17799
-17803
-7057
17789
17787
17786
1652
-1289
-7058
-1290
-17804
-17792
-1288
412
413
647
-644
607
606
596
-592
-594
-2319
2567
-611
-8513
8515
-646
-8521
-11718
-651
-11719
11724
-417
9058
9057
-2318
-2314
2323
8510
-7877
8511
-8520
-8544
8558
11714
-11713
11715
-11727
-11732
11789
-9059
9064
9063
2310
-2075
2312
7872
-7870
7873
-8543
-7884
8546
11700
11698
11699
-11731
-11707
11737
12744
-12742
12745
9295
9297
9296
-2074
-2058
2079
7867
-7846
7868
-7882
-7887
7891
8498
-8494
8499
-11708
11798
11800
-12743
12757
12758
-12750
12753
12755
-9309
9314
9313
2054
-1831
2056
7842
-5985
7843
7860
-7856
7862
7902
7901
7904
-11801
-10766
11804
11823
11822
11824
12772
-12769
12773
12815
-12811
12814
9533
9535
9534
-1830
1835
5981
-4074
5983
-7858
-10668
10672
-7909
10720
10721
10762
-10747
10763
-11828
-10846
12969
-12771
-12982
12985
-12812
-13070
13432
-13339
13429
-13425
-9559
9564
9563
-4073
4075
10665
-4080
10667
-10724
-10728
10731
-10746
-10736
10751
-10845
-10879
10881
12980
-10886
12981
13062
13061
13063
-13433
-13081
13436
-13427
-14643
14646
9771
9773
9772
-4079
-4203
-10730
-4205
10932
-10738
10935
10938
-10880
10954
10955
-10884
10888
10890
11638
-11636
11641
-13080
13084
13086
-14645
-14580
-14653
-14649
-14654
14666
-9809
9814
-4204
4217
-10939
-4222
10942
-10958
-10962
10965
-10980
-10970
10985
11551
11549
11550
13096
-11630
13099
14575
-14573
14576
-14655
-14608
14670
-16272
-14675
-4221
-4333
-10964
-4335
11509
-10971
-11524
11527
-11557
-13586
-13601
-11632
-13602
13617
14570
-13729
14571
-14609
-16209
16222
-14673
16242
-4334
4359
11521
-4364
11523
-13584
-13580
13587
-13603
-13591
13624
13724
-13721
13725
-16208
-13736
16212
-16245
16247
-4363
-4463
13576
-4465
13578
-13592
-13682
13684
-13723
-13687
-13739
-13734
-13742
13779
13883
-13785
-4464
4501
13679
-4506
13680
-13688
13750
13751
-13741
-13763
13767
-13783
-13866
-4505
-4579
-13754
-4581
14368
-13765
-14383
14386
-13867
14409
-4580
-3654
14380
-3655
14381
-14413
-14417
3649
-1659
-18711
18726
-18724
18727
18710
18709
18712
1657
1655
-1286
-17796
17800
17798
-17791
-17801
7059
-1287
17797
-17793
17790
-1285
415
416
650
649
645
-641
610
609
593
-589
-591
-2316
2320
-614
-6055
8514
-643
8518
8519
-654
-8529
11720
-694
11726
11728
-420
9061
9060
2313
-2072
2315
-6054
-6050
7876
-8523
-7880
-8540
-8528
-8542
-11710
-11729
-11711
11733
-11896
-11892
12747
9298
9300
9299
-2071
-2061
2076
-6049
-6038
7871
-7878
7881
7883
-8541
-7948
11702
11706
-11703
11709
-11891
-11879
-12739
-12748
-12740
12751
-9306
9311
9310
2057
-1828
2059
-6037
-5988
7845
-7885
-7849
7888
-7947
-7942
-8491
-11704
-8493
11802
-11880
-11830
12759
-12741
-12762
12776
13343
-12780
-13340
9536
9538
9537
-1827
1832
5984
-3941
5986
-7848
-7853
7857
7908
7906
7907
-8492
-7935
10765
11826
-10770
11827
-12761
-12766
12770
-12779
-12790
-12807
13338
-12809
-13334
-9556
9561
9560
-3940
-4070
-7855
-4072
10669
-7913
10723
10725
-7934
-10744
10748
-10769
10844
-10840
-12768
-10843
12983
-12791
-13067
13069
-12810
-13073
13434
-13337
13426
-13422
9774
9776
9775
-4071
4078
-10726
-4083
10729
10735
10734
10737
-10849
-10859
-10875
-10842
-10876
10885
13065
-11600
13066
-13072
-13077
13082
-14642
-14583
14644
-13424
14648
14650
-9806
9811
-4082
-4200
-10741
-4202
10940
-10860
10957
10959
-10877
-10978
10981
-11599
-11613
-11633
-13078
-11634
13100
14578
-13105
14579
-14651
-14605
14656
-14682
-14678
-4201
4220
-10960
-4225
10963
10969
10968
10972
11555
11554
11556
11629
-11626
11631
-13104
-13186
14574
-14603
14606
14607
14672
-14616
-4224
-4330
-10974
-4332
11525
-11561
-13582
13585
-11628
-13599
13604
-13185
-13720
13728
-14611
-13732
-16205
-14618
-16206
-4331
4362
13579
-4367
13581
13590
13589
13593
-13719
-13702
13722
-13730
13733
13735
-16207
-13829
-4366
-4460
-13595
-4462
13683
13686
13685
13689
-13737
13740
13743
13782
13781
-4461
4504
-13691
-4509
13753
-13761
-13756
13764
-13789
-13857
-4508
-4577
-13758
-4578
14384
-13858
14412
3653
3652
14419
-14415
-3658
1661
1660
18729
18728
18725
-18722
-18731
-18720
18714
18713
18715
-18732
-17794
17802
17795
418
419
693
-690
653
652
642
-638
613
612
590
-586
-588
-2069
2317
-617
-6051
6053
-640
-6059
8522
-657
-8524
8527
-692
-8532
11730
-697
-11893
11895
-423
9302
9301
-2068
-2064
2073
6048
-6040
-6043
-6058
-6046
7879
-8526
-7950
-8536
-8531
-8538
11712
11890
-11882
-11885
-11899
-11889
12749
-9303
9308
9307
2060
-1825
2062
6036
-5992
-6031
-6047
-6035
7886
7945
-7943
7946
-8537
-7957
11705
11878
-11834
-11873
-11888
-11876
-12736
13344
-12738
13345
9539
9541
9540
-1824
1829
5987
-3938
5989
-6034
7847
7850
7941
-7920
-7937
-7956
-7940
-8488
11829
-8490
11831
-11877
12760
12763
-12737
12777
12778
13341
-12806
13342
-9553
9558
-3937
3939
-7851
-3944
7854
7911
7910
7912
7933
-7930
7936
-8489
10767
10768
-12764
-10778
12767
-12782
-12786
12789
-12804
-12794
12808
13335
-13331
13336
9779
-3943
-4067
-7916
-4069
10727
-7932
-10742
10745
-10772
10847
10848
-10777
10841
-10836
-12788
-10839
13068
-12795
13071
13074
-13333
-14585
-14640
-13363
13423
-13418
9808
-4068
4081
10739
-4086
10740
-10851
-10855
10858
-10873
-10863
10878
-10838
-11595
11598
-13075
-11603
13079
14581
-13298
14582
-14641
-14602
14652
-13420
-14679
-4085
-4197
-10857
-4199
10961
-10864
-10976
10979
-11597
11612
-11607
-11602
-11610
11635
13103
13101
13102
-14601
-13291
14604
14676
-14620
-4198
4223
10973
-4228
10975
11559
11558
11560
-11609
-11623
11627
-13108
-13182
13184
-13292
-13190
14610
14615
-14612
-4227
-4327
-11564
-4329
13583
-11625
-13597
13600
-13183
-13700
-13715
-13189
-13716
13731
-14614
-13831
-4328
4365
13594
-4370
13596
-13698
-13694
13701
-13717
-13705
13738
13827
-13825
-4369
-4457
13690
-4459
13692
-13706
-13759
13762
13787
13786
-4458
4507
13755
-4512
13757
-13793
-13854
-4511
-4575
-13855
-4576
3657
18730
-18719
18723
-18716
18721
18717
18718
-18733
18736
18737
421
422
696
695
691
-687
656
655
639
-635
616
615
587
-583
-585
-2066
2070
-620
-6000
6052
-637
6056
6057
-660
-6066
8525
-689
8530
8533
-700
-11842
11894
-740
11897
11898
-426
9305
9304
2063
-1822
2065
-5999
-5995
6039
6044
-6041
6045
-6065
-6080
7949
-8534
-7953
8539
-11841
-11837
11881
11886
-11883
11887
-11905
-11918
13346
9542
9544
9543
-1821
1826
5990
-3805
5991
6032
-6028
6033
-6079
-6086
7944
-7951
7954
7955
11832
-7965
11833
11874
-11870
11875
-11917
-11923
-12733
-13347
-12735
13349
-9550
9555
-3804
-3934
-6030
-3936
7852
-6085
-7917
7919
7938
-7923
7939
-7964
-7983
-8485
-11872
-8487
12765
-11924
12781
12783
-12734
-12802
12805
-13352
-13330
-3935
3942
7914
-3947
7915
-7922
-7927
7931
-7984
-7994
10771
-8486
-10773
10776
-12784
-10782
12787
12793
12792
12796
-13329
-13311
13332
13361
-3946
-4064
-7929
-4066
10743
-7995
10850
10852
-10775
-10871
10874
-10781
10837
-10832
-12798
-10835
13076
-13312
-13300
14584
-13365
-14589
-14637
13419
-4065
4084
-10853
-4089
10856
10862
10861
10865
-11594
-11577
11596
-10834
11601
11604
13297
-13150
-13293
-14587
-13296
-14596
-14638
-14600
-4088
-4194
-10867
-4196
10977
-11578
-11566
11614
-11605
11608
11611
13107
13106
13109
13290
-13192
-13286
-14597
-13289
-4195
4226
11562
-4231
11563
-11616
-11620
11624
-13113
-13173
-13178
13187
-13179
13188
-13288
-13274
-4230
-4324
-11622
-4326
13598
-13174
-13696
13699
-13181
-13713
13718
-13273
-13824
-4325
4368
13693
-4373
13695
13704
13703
13707
-13823
-13806
-4372
-4454
-13709
-4456
13760
13791
13790
-4455
4510
-13796
-4515
-4514
18734
18735
-18738
18740
18739
18749
-18748
-18745
424
425
739
-736
699
698
688
-684
659
658
636
-632
619
618
584
-580
-582
-1820
2067
-623
-5996
5998
-634
-6004
6060
-663
-6061
6064
-686
-6070
8535
-703
-11838
11840
-738
-11846
11900
-743
-11901
11904
-429
9546
9545
-1819
1823
5993
-3802
5994
-6003
-6027
6042
-6063
6078
-6073
-6069
-6076
7952
11835
-7967
11836
-11845
-11869
11884
-11903
11916
-11911
-11908
-11915
13348
-9547
9552
-3801
3803
-6026
-3808
6029
-6081
6083
6084
-6077
-6095
7958
7962
-7959
7963
-11868
-7974
11871
-11919
11921
11922
-11914
-11932
-12730
13350
-12732
-3807
-3931
-6088
-3933
7918
-6094
7921
7924
-7961
7982
-7977
-7973
-7980
-8482
-11926
-8484
12785
-11933
-12800
12803
-12731
-13309
-3932
3945
-7925
-3950
7928
-7986
-7990
7993
-7981
-7999
10774
-8483
10779
10780
12797
-10790
12799
-13307
-13303
13310
-13315
-3949
-4061
-7992
-4063
10854
-8000
-10869
10872
-10784
-11575
-11591
-10789
10833
-10828
13299
-10831
13301
-13317
14586
14588
-14636
-4062
4087
10866
-4092
10868
-11573
-11569
11576
-11592
-11581
11606
-10830
-13147
13149
13294
-13154
13295
14599
-14594
-4091
-4191
11565
-4193
11567
-11582
11615
11617
13111
13110
13112
-13152
-13159
13191
13287
-13197
-4192
4229
-11618
-4234
11621
-13117
-13170
13172
-13158
-13175
13180
-13195
-13270
-4233
-4321
-13171
-4323
13697
-13177
-13711
13714
-13271
-13804
-4322
4371
13708
-4376
13710
-13802
-13798
-4375
-4451
13794
-4453
-4452
-18743
-18746
18742
18741
-18744
427
428
742
741
737
-733
702
701
685
-681
662
661
633
-629
622
621
581
-578
-579
-1816
-625
-1818
5997
-631
6001
6002
-666
-6011
6062
-683
6067
6068
-706
-6163
11839
-735
11843
11844
-746
-11853
11902
-786
11906
11907
-432
9549
-1817
-3798
-6006
-3800
-6023
-6012
-6024
6082
-6071
6074
6075
-6162
-6158
7966
-11848
-7970
-11865
-11854
-11866
11920
-11909
11912
11913
-12000
-11996
-3799
3806
-6025
-3811
6087
6092
-6089
6093
-6157
-6143
7960
-7968
7971
7972
-11867
-8044
11925
11930
-11927
11931
-11995
-11981
-3810
-3928
-6091
-3930
7926
-6144
7985
7987
-7975
7978
7979
-8043
-8037
-8479
-11929
-8481
12801
-11982
-13305
-3929
3948
-7988
-3953
7991
7997
7996
7998
-8038
-8017
10783
-8480
-10785
10788
13302
-10794
13304
13313
-3952
-4058
-8003
-4060
10870
-8018
-11571
11574
-10787
-11589
11593
-10793
10829
-10824
-13320
-10827
14590
-14593
-4059
4090
11568
-4095
11570
11580
11579
11583
-13146
-13130
13148
-10826
13151
13153
-14591
-13238
-4094
-4188
-11585
-4190
11619
13115
13114
13116
-13155
13157
13160
13194
13193
-4189
4232
-13120
-4237
-13166
-13162
-13167
13176
-13201
-13261
-4236
-4318
-13169
-4320
13712
-13262
-13800
-4319
4374
13797
-4379
-4378
431
785
-782
745
744
734
-730
705
704
682
-678
665
664
630
-626
624
-576
-575
-577
-1813
-628
-1815
6005
-669
-6007
6010
-680
-6014
6072
-709
-6159
6161
-732
-6167
11847
-749
-11849
11852
-784
-11856
11910
-789
-11997
-1814
-3795
-6009
-3797
-6019
-6015
-6021
6096
6156
-6101
-6151
-6166
-6154
7969
-11851
-8046
-11861
-11857
-11863
11934
11994
-11939
-3796
3809
-6020
-3814
6090
-6099
-6140
6142
-6155
-6147
7976
8041
-8039
8042
-11862
-8053
11928
-11937
-11978
-3813
-3925
-6141
-3927
7989
-6148
-8004
8006
8036
-8010
-8031
-8052
-8034
-8476
-11979
-8478
-3926
3951
8001
-3956
8002
-8008
-8013
8016
-8035
-8022
10786
-8477
10791
10792
-10802
-3955
-4055
-8015
-4057
11572
-8023
-11587
11590
-10796
-13128
-13143
-10801
10825
-10820
-10823
-4056
4093
11584
-4098
11586
-13126
-13122
13129
-13144
-13133
13156
-10822
-13235
-4097
-4185
13118
-4187
13119
-13134
13161
13163
13199
13198
-4186
4235
-13164
-4240
13168
-13205
-13258
-4239
-4315
-13259
-4317
-4316
787
783
-779
748
747
731
-727
708
707
679
-675
668
667
627
-573
-572
-574
-1810
-671
-1812
6008
-677
6013
6016
-712
-6108
6160
-729
6164
6165
-752
-6174
11850
-781
11855
11858
-792
-11946
-1811
-3792
-6017
-3794
6022
6098
6097
6100
6152
-6149
6153
-6173
-6188
8045
-11859
-8049
11864
11936
11935
-3793
3812
-6104
-3817
-6136
6145
-6137
6146
-6187
-6194
8040
-8047
8050
8051
-11942
-8061
-3816
-3922
-6139
-3924
8005
-6193
8007
8009
8032
-8029
8033
-8060
-8079
-3923
3954
-8011
-3959
8014
8020
8019
8021
-8080
-8090
10795
-10797
-3958
-4052
-8026
-4054
11588
-8091
-13124
13127
-10799
-13141
13145
10821
-4053
4096
13121
-4101
13123
13132
13131
13135
-13234
-13218
-4100
-4182
-13137
-4184
13165
13203
13202
-4183
4238
-13208
-4243
-4242
790
780
-776
751
750
728
-724
711
710
676
-672
670
-570
-569
-571
-1807
-674
-1809
6018
-715
-6105
6107
-726
-6112
6168
-755
-6169
6172
-778
-6178
11860
-795
-11943
-1808
-3789
6102
-3791
6103
-6111
-6135
6150
-6171
6186
-6181
-6177
-6184
8048
11940
-8063
-3790
3815
-6134
-3820
6138
-6189
6191
6192
-6185
-6203
8054
8058
-8055
-3819
-3919
-6196
-3921
8012
-6202
-8027
8030
-8057
8078
-3920
3957
8024
-3962
8025
-8082
-8086
8089
-8095
-3961
-4049
-8088
-4051
13125
-8096
-13139
13142
-13216
-4050
4099
13136
-4104
13138
-13214
-13210
-4103
-4179
13206
-4181
-4180
793
777
-773
754
753
725
-721
714
713
673
-567
-566
-568
-1804
-717
-1806
6106
-723
6109
6110
-758
-6119
6170
-775
6175
6176
-798
-6271
-1805
-3786
-6114
-3788
-6131
-6120
-6132
6190
-6179
6182
6183
-6270
-6266
-3787
3818
-6133
-3823
6195
6200
-6197
6201
-6265
-6251
-3822
-3916
-6199
-3918
8028
-6252
8081
-3917
3960
-8084
-3965
8087
8092
-3964
-4046
-8099
-4048
13140
-13212
-4047
4102
13209
-4107
-4106
796
774
-770
757
756
722
-718
716
-564
-563
-565
-1801
-720
-1803
6113
-761
-6115
6118
-772
-6122
6180
-801
-6267
-1802
-3783
-6117
-3785
-6127
-6123
-6129
6204
6264
-6209
-3784
3821
-6128
-3826
6198
-6207
-6248
-3825
-3913
-6249
-3915
-3914
3963
-3968
-3967
-4043
-4045
-4044
799
771
-767
760
759
719
-561
-560
-562
-1798
-763
-1800
6116
-769
6121
6124
-804
-6216
-1799
-3780
-6125
-3782
6130
6206
6205
-3781
3824
-6212
-3829
-3828
802
768
-764
762
-558
-557
-559
-1795
-766
-1797
6126
-807
-6213
-1796
-3777
6210
-3779
-3778
805
765
-555
-554
-556
-1792
-809
-1794
-1793
-552
-551
-553
29921
29922
29923
29924
29925
29926
29927
29928
29929
29930
29931
29932
29933
29934
29935
29936
29937
29938
29939
29940
29961
29962
29963
29964
29965
29966
29967
29968
29969
29970
29971
29972
29973
29974
29975
29976
29977
29978
29979
29980
30005
30008
30009
30010
30011
30012
30017
30018
30019
30020
30348
30349
30350
30351
30352
30354
30356
30357
30360
30361
30362
30364
30372
30375
30377
30379
30384
30385
30386
30387
30388
30389
30390
30391
30392
30393
30394
30395
30396
30397
30398
30399
30451
30453
30454
30456
30468
30469
30470
30471
30472
30473
30474
30475
30476
30477
30478
30479
30480
30481
30482
30483
30484
30485
30486
30487
30488
30489
30490
30491
30492
30493
30494
30495
30496
30497
30498
30499
30500
30501
30502
30503
30504
30505
30506
30507
30508
30509
30510
30511
30512
30513
30514
30515
30516
30517
30518
30519
30520
30521
30522
30523
30524
30525
30526
30527
30528
30529
30530
30531
30532
30533
30534
30535
30536
30537
30538
30539
30540
30541
30542
30543
30544
30545
30546
30547
30548
30549
30550
30551
30552
30553
30554
30555
30556
30557
30558
30559
30560
30561
30562
30563
30564
30565
30566
30567
30568
30569
30570
30571
30572
30573
30574
30575
30576
30577
30578
30579
30616
30617
30618
30619
30630
30632
30634
30636
30640
30642
30644
30646
30655
30657
30658
30660
30670
30672
30675
30676
30677
30678
30679
30680
30681
30682
30683
30684
30685
30686
30687
30688
30689
30690
30709
30710
30711
30712
30713
30714
30715
30716
30717
30725
30726
30727
30728
30729
30739
30740
30741
30742
30751
30752
30753
30754
30756
30757
30758
30759
30760
30761
30762
30770
30771
30772
30773
30774
30775
30776
30778
30780
30787
30788
30789
30790
30791
30792
30793
30794
30795
30796
30797
30798
30800
30801
30804
30805
30806
30807
30808
30809
30810
30811
30812
30813
30814
30815
30816
30817
30818
30819
30820
30821
30822
30823
30824
30825
30826
30827
30828
30829
30830
30831
30832
30833
30834
30835
30836
30837
30838
30839
30840
30841
30842
30843
30844
30845
30852
30853
30865
30868
30896
30898
30905
30908
30917
30919
30920
30922
30957
30959
30969
30971
31025
31028
31037
31040
31045
31047
31050
31052
31072
31074
31078
31079
31085
31087
31088
31090
31122
31123
31129
31131
31133
31136
31140
31142
31189
31192
31201
31204
31213
31216
31224
31225
31249
31252
31261
31264
31267
31268
31271
31272
31294
31295
31296
31297
31298
31299
31300
31301
31302
31303
31304
31305
31306
31307
31308
31309
31310
31311
31312
31313
31314
31315
31316
31317
31318
31319
31320
31321
31322
31323
31324
31325
31326
31327
31328
31329
31330
31331
31332
31333
31334
31335
31336
31337
31338
31339
31340
31341
31342
31343
31344
31345
31346
31347
31348
31349
31350
31351
31352
31353
31354
31355
31356
31357
31366
31368
31369
31372
31373
31377
31403
31406
31415
31418
31422
31424
31426
31427
31463
31466
31475
31478
31487
31490
31499
31502
31514
31518
31524
31527
31567
31570
31579
31582
31591
31594
31595
31598
31623
31626
31631
31632
31635
31636
31641
31642
31650
31654
31656
31658
31671
31704
31705
31715
31716
31741
31742
31748
31749
31750
31751
31752
31753
31754
31755
31773
31774
31775
31776
31777
31785
31786
31787
31788
31796
31797
31798
31799
31810
31811
31812
31813
31814
31815
31816
31820
32454
32455
32456
32457
32458
32459
32460
32461
32462
32463
32464
32465
32467
32468
32471
32472
32473
32474
32475
32476
32477
32478
32479
32480
32481
32482
32483
32484
32485
32486
32487
32488
32489
32490
32491
32492
32493
32494
32495
32496
32497
32498
32499
32500
32501
32502
32503
32504
32505
32506
32507
32508
32509
32510
32511
32512
32515
32516
32519
32520
32521
32522
32523
32524
32525
32526
32527
32528
32531
32532
32535
32536
32537
32538
32539
32540
32541
32542
32543
32544
32545
32546
32547
32548
32549
32550
32551
32552
32553
32554
32555
32556
32557
32558
32559
32560
32561
32562
32563
32564
32565
32566
32567
32568
32569
32570
32571
32572
32573
32574
32575
32576
32577
32578
32579
32580
32581
32582
32583
32584
32585
32586
32587
32588
32589
32590
32591
32592
32593
32594
32595
32596
32597
32598
32599
32600
32601
32602
32603
32604
32605
32606
32607
32608
32609
32610
32611
32612
32613
32614
32615
32616
32617
32618
32619
32620
32621
32622
32623
32624
32625
32626
32627
32628
32629
32630
32631
32632
32633
32634
32635
32636
32637
32638
32639
32640
32649
32651
32652
32655
32656
32660
32661
32662
32663
32664
32665
32666
32667
32668
32669
32670
32671
32672
32673
32674
32675
32676
32677
32678
32679
32680
32681
32682
32683
32684
32685
32686
32687
32688
32689
32690
32691
32692
32693
32694
32695
32696
32697
32698
32699
32700
32701
32702
32703
32704
32705
32706
32735
32736
32737
32738
32739
32740
32741
32742
32743
32744
32745
32746
32747
32773
32774
32796
32797
32798
32799
32822
32823
32824
32825
32826
32827
32837
32856
32857
32858
32864
33231
33232
33235
33236
33237
33238
33239
33240
33241
33242
33243
33244
33245
33246
33247
33248
33249
33250
33251
33252
33255
33257
33258
33260
33262
33263
33265
33267
33268
33271
33272
33274
33275
33276
33277
33278
33280
33282
33283
33284
33285
33286
33287
33288
33289
33290
33291
33292
33293
33294
33295
33296
33297
33298
33299
33300
33301
33302
33303
33304
33305
33306
33307
33308
33309
33310
33311
33312
33313
33314
33315
33316
33334
33335
33336
33337
33341
33342
33343
33344
33345
33346
33347
33348
33349
33352
33353
33354
33355
33356
33357
33364
33365
33370
33371
33372
33373
33380
33381
33383
430
-548
788
791
794
797
800
803
806
808
-1282
1658
-1664
-1789
3656
-3774
3827
-3910
-3911
3966
-3970
-4040
4105
-4176
4241
-4312
4377
-4448
4513
-4573
6208
6211
6214
6215
-6244
6250
-6259
6268
6269
-7054
-7055
7063
7067
7071
7075
7079
7083
7086
7090
8056
8059
8062
-8073
-8077
8083
8085
8093
8094
8097
8098
-8111
-8114
-8473
-8474
9548
9551
9554
9557
9777
9778
-9803
9807
9810
9813
9816
9819
9822
9825
9828
9831
9834
9837
10798
10800
-10805
-10808
-10815
11938
11941
11944
11945
-11974
11980
-11989
11998
11999
-12060
-12727
13196
13200
13204
13207
13211
13213
13215
13217
-13231
13236
13237
-13254
13260
-13266
13272
-13281
13306
13308
13314
13316
13318
13319
-13325
-13327
13351
13353
-13358
-13359
13362
13364
-13370
-13374
-13377
-13417
13421
13784
13788
13792
13795
13799
13801
13803
13805
-13819
13826
13828
13830
-13850
13856
-13862
13868
-13877
14407
14410
14414
14416
14418
14420
-14429
-14438
14444
-14453
14592
14595
14598
14613
14617
14619
-14633
14639
14674
14677
14680
14681
-16201
16240
16243
16246
16248
16251
-16269
16273
-16278
16284
-16288
16319
16321
16324
-17181
17203
17205
-17212
18646
18649
18651
18654
-18667
18675
18704
18706
18708
18747
18750
-18982
-19039
19051
19054
28511
28513
28514
-338
1297
-1640
1878
-2003
2128
-2253
2378
-2503
2628
-2753
2858
-3631
4762
4765
4768
4771
4774
4777
4780
4783
4785
-5933
7100
-7207
7282
7285
7288
7291
7294
7297
7299
-7791
8631
-8750
8875
-8994
9119
-9238
9363
-9482
9607
-9726
9847
-10620
11404
11407
11411
11415
11418
11432
11435
11440
11443
11453
11455
11458
11461
11465
11470
11474
11477
17334
17337
17342
17345
17355
17357
17359
17361
17365
17369
17373
17376
17432
17435
17438
17441
17667
17670
17673
17675
17679
17684
17688
17691
17704
17707
17711
17860
17863
17866
17868
17871
17875
17877
17881
-18435
19176
19179
19181
19183
19186
19189
19193
19195
19198
19202
19235
19238
19244
19248
19252
19256
19260
19262
19264
19267
19323
19325
19326
-20352
20401
20403
20404
-21159
21164
21166
21168
21169
)


// ************************************************************************* //
