/*--------------------------------*- C++ -*----------------------------------*\
| =========                 |                                                 |
| \\      /  F ield         | OpenFOAM: The Open Source CFD Toolbox           |
|  \\    /   O peration     | Version:  2512                                  |
|   \\  /    A nd           | Website:  www.openfoam.com                      |
|    \\/     M anipulation  |                                                 |
\*---------------------------------------------------------------------------*/
FoamFile
{
    version     2.0;
    format      ascii;
    arch        "LSB;label=32;scalar=64";
    note        "nPoints:3252  nCells:2636  nFaces:8474  nInternalFaces:7250";
    class       labelList;
    location    "constant/polyMesh";
    object      neighbour;
}
// * * * * * * * * * * * * * * * * * * * * * * * * * * * * * * * * * * * * * //


7250
(
1
2
3
4
5
6
5
7
8
6
8
9
10
11
12
11
13
14
12
14
15
13
16
17
14
17
18
15
18
19
20
21
22
21
23
24
22
24
25
23
26
27
24
27
28
25
28
29
26
30
31
27
31
32
28
32
33
29
33
34
35
36
37
36
38
39
37
39
40
38
41
42
39
42
43
40
43
44
41
45
46
42
46
47
43
47
48
44
48
49
45
50
51
46
51
52
47
52
53
48
53
54
49
54
55
56
57
58
57
59
60
58
60
61
59
62
63
60
63
64
61
64
65
62
66
67
63
67
68
64
68
69
65
69
70
66
71
72
67
72
73
68
73
74
69
74
75
70
75
76
71
77
78
72
78
79
73
79
80
74
80
81
75
81
82
76
82
83
84
85
86
85
87
88
86
88
89
87
90
91
88
91
92
89
92
93
90
94
95
91
95
96
92
96
97
93
97
98
94
99
100
95
100
101
96
101
102
97
102
103
98
103
104
99
105
106
100
106
107
101
107
108
102
108
109
103
109
110
104
110
111
105
112
113
106
113
114
107
114
115
108
115
116
109
116
117
110
117
118
111
118
119
120
121
122
121
123
124
122
124
125
123
126
127
124
127
128
125
128
129
126
130
131
127
131
132
128
132
133
129
133
134
130
135
136
131
136
137
132
137
138
133
138
139
134
139
140
135
141
142
136
142
143
137
143
144
138
144
145
139
145
146
140
146
147
141
148
149
142
149
150
143
150
151
144
151
152
145
152
153
146
153
154
147
154
155
148
156
157
149
157
158
150
158
159
151
159
160
152
160
161
153
161
162
154
162
163
155
163
164
165
166
167
166
168
169
167
169
170
168
171
172
169
172
173
170
173
174
171
175
176
172
176
177
173
177
178
174
178
179
175
180
181
176
181
182
177
182
183
178
183
184
179
184
185
180
186
187
181
187
188
182
188
189
183
189
190
184
190
191
185
191
192
186
193
194
187
194
195
188
195
196
189
196
197
190
197
198
191
198
199
192
199
200
193
201
202
194
202
203
195
203
204
196
204
205
197
205
206
198
206
207
199
207
208
200
208
209
201
210
211
202
211
212
203
212
213
204
213
214
205
214
215
206
215
216
207
216
217
208
217
218
209
218
219
220
221
222
221
223
224
222
224
225
223
226
227
224
227
228
225
228
229
226
230
231
227
231
232
228
232
233
229
233
234
230
235
236
231
236
237
232
237
238
233
238
239
234
239
240
235
241
242
236
242
243
237
243
244
238
244
245
239
245
246
240
246
247
241
248
249
242
249
250
243
250
251
244
251
252
245
252
253
246
253
254
247
254
255
248
256
257
249
257
258
250
258
259
251
259
260
252
260
261
253
261
262
254
262
263
255
263
264
256
265
266
257
266
267
258
267
268
259
268
269
260
269
270
261
270
271
262
271
272
263
272
273
264
273
274
265
275
266
275
276
267
276
277
268
277
278
269
278
279
270
279
280
271
280
281
272
281
282
273
282
283
274
283
284
285
286
287
286
288
289
287
289
290
288
291
292
289
292
293
290
293
294
291
295
296
292
296
297
293
297
298
294
298
299
295
300
301
296
301
302
297
302
303
298
303
304
299
304
305
300
306
307
301
307
308
302
308
309
303
309
310
304
310
311
305
311
312
306
313
314
307
314
315
308
315
316
309
316
317
310
317
318
311
318
319
312
319
320
313
321
322
314
322
323
315
323
324
316
324
325
317
325
326
318
326
327
319
327
328
320
328
329
321
330
331
322
331
332
323
332
333
324
333
334
325
334
335
326
335
336
327
336
337
328
337
338
329
338
339
330
340
331
340
341
332
341
342
333
342
343
334
343
344
335
344
345
336
345
346
337
346
347
338
347
348
339
348
349
340
350
341
350
351
342
351
352
343
352
353
344
353
354
345
354
355
346
355
356
347
356
357
348
357
358
349
358
359
360
361
362
361
363
364
362
364
365
363
366
367
364
367
368
365
368
369
366
370
371
367
371
372
368
372
373
369
373
374
370
375
376
371
376
377
372
377
378
373
378
379
374
379
380
375
381
382
376
382
383
377
383
384
378
384
385
379
385
386
380
386
387
381
388
389
382
389
390
383
390
391
384
391
392
385
392
393
386
393
394
387
394
395
388
396
397
389
397
398
390
398
399
391
399
400
392
400
401
393
401
402
394
402
403
395
403
404
396
405
406
397
406
407
398
407
408
399
408
409
400
409
410
401
410
411
402
411
412
403
412
413
404
413
414
405
415
406
415
416
407
416
417
408
417
418
409
418
419
410
419
420
411
420
421
412
421
422
413
422
423
414
423
424
415
425
416
425
426
417
426
427
418
427
428
419
428
429
420
429
430
421
430
431
422
431
432
423
432
433
424
433
434
425
435
426
435
436
427
436
437
428
437
438
429
438
439
430
439
440
431
440
441
432
441
442
433
442
443
434
443
444
445
446
447
446
448
449
447
449
450
448
451
452
449
452
453
450
453
454
451
455
456
452
456
457
453
457
458
454
458
459
455
460
461
456
461
462
457
462
463
458
463
464
459
464
465
460
466
467
461
467
468
462
468
469
463
469
470
464
470
471
465
471
472
466
473
474
467
474
475
468
475
476
469
476
477
470
477
478
471
478
479
472
479
480
473
481
482
474
482
483
475
483
484
476
484
485
477
485
486
478
486
487
479
487
488
480
488
489
481
490
491
482
491
492
483
492
493
484
493
494
485
494
495
486
495
496
487
496
497
488
497
498
489
498
499
490
500
491
500
501
492
501
502
493
502
503
494
503
504
495
504
505
496
505
506
497
506
507
498
507
508
499
508
509
500
510
501
510
511
502
511
512
503
512
513
504
513
514
505
514
515
506
515
516
507
516
517
508
517
518
509
518
519
510
520
511
520
521
512
521
522
513
522
523
514
523
524
515
524
525
516
525
526
517
526
527
518
527
528
519
528
529
520
530
521
530
531
522
531
532
523
532
533
524
533
534
525
534
535
526
535
536
527
536
537
528
537
538
529
538
539
540
541
540
542
543
541
543
544
542
545
546
543
546
547
544
547
548
545
549
550
546
550
551
547
551
552
548
552
553
549
554
555
550
555
556
551
556
557
552
557
558
553
558
559
554
560
561
555
561
562
556
562
563
557
563
564
558
564
565
559
565
566
560
567
568
561
568
569
562
569
570
563
570
571
564
571
572
565
572
573
566
573
574
567
575
576
568
576
577
569
577
578
570
578
579
571
579
580
572
580
581
573
581
582
574
582
583
575
584
585
576
585
586
577
586
587
578
587
588
579
588
589
580
589
590
581
590
591
582
591
592
583
592
593
584
594
585
594
595
586
595
596
587
596
597
588
597
598
589
598
599
590
599
600
591
600
601
592
601
602
593
602
603
594
604
595
604
605
596
605
606
597
606
607
598
607
608
599
608
609
600
609
610
601
610
611
602
611
612
603
612
613
604
614
605
614
615
606
615
616
607
616
617
608
617
618
609
618
619
610
619
620
611
620
621
612
621
622
613
622
623
614
624
615
624
625
616
625
626
617
626
627
618
627
628
619
628
629
620
629
630
621
630
631
622
631
632
623
632
624
633
625
633
634
626
634
635
627
635
636
628
636
637
629
637
638
630
638
639
631
639
640
632
640
641
642
643
642
644
645
643
645
646
644
647
648
645
648
649
646
649
650
647
651
652
648
652
653
649
653
654
650
654
655
651
656
657
652
657
658
653
658
659
654
659
660
655
660
661
656
662
663
657
663
664
658
664
665
659
665
666
660
666
667
661
667
668
662
669
670
663
670
671
664
671
672
665
672
673
666
673
674
667
674
675
668
675
676
669
677
678
670
678
679
671
679
680
672
680
681
673
681
682
674
682
683
675
683
684
676
684
685
677
686
687
678
687
688
679
688
689
680
689
690
681
690
691
682
691
692
683
692
693
684
693
694
685
694
695
686
696
687
696
697
688
697
698
689
698
699
690
699
700
691
700
701
692
701
702
693
702
703
694
703
704
695
704
705
696
706
697
706
707
698
707
708
699
708
709
700
709
710
701
710
711
702
711
712
703
712
713
704
713
714
705
714
715
706
716
707
716
717
708
717
718
709
718
719
710
719
720
711
720
721
712
721
722
713
722
723
714
723
724
715
724
725
716
726
717
726
727
718
727
728
719
728
729
720
729
730
721
730
731
722
731
732
723
732
733
724
733
734
725
734
726
735
727
735
736
728
736
737
729
737
738
730
738
739
731
739
740
732
740
741
733
741
742
734
742
735
743
736
743
744
737
744
745
738
745
746
739
746
747
740
747
748
741
748
749
742
749
750
751
752
751
753
754
752
754
755
753
756
757
754
757
758
755
758
759
756
760
761
757
761
762
758
762
763
759
763
764
760
765
766
761
766
767
762
767
768
763
768
769
764
769
770
765
771
772
766
772
773
767
773
774
768
774
775
769
775
776
770
776
777
771
778
779
772
779
780
773
780
781
774
781
782
775
782
783
776
783
784
777
784
785
778
786
787
779
787
788
780
788
789
781
789
790
782
790
791
783
791
792
784
792
793
785
793
794
786
795
796
787
796
797
788
797
798
789
798
799
790
799
800
791
800
801
792
801
802
793
802
803
794
803
804
795
805
796
805
806
797
806
807
798
807
808
799
808
809
800
809
810
801
810
811
802
811
812
803
812
813
804
813
814
805
815
806
815
816
807
816
817
808
817
818
809
818
819
810
819
820
811
820
821
812
821
822
813
822
823
814
823
824
815
825
816
825
826
817
826
827
818
827
828
819
828
829
820
829
830
821
830
831
822
831
832
823
832
833
824
834
835
825
836
826
836
837
827
837
838
828
838
839
829
839
840
830
840
841
831
841
842
832
842
843
843
844
845
834
844
836
846
837
846
847
838
847
848
839
848
849
840
849
850
841
850
851
842
851
852
843
852
853
844
853
846
854
847
854
855
848
855
856
849
856
857
850
857
858
851
858
859
852
859
860
853
860
854
861
855
861
862
856
862
863
857
863
864
858
864
865
859
865
866
860
866
867
868
869
868
870
871
869
871
872
870
873
874
871
874
875
872
875
876
873
877
878
874
878
879
875
879
880
876
880
881
877
882
883
878
883
884
879
884
885
880
885
886
881
886
887
882
888
889
883
889
890
884
890
891
885
891
892
886
892
893
887
893
894
888
895
896
889
896
897
890
897
898
891
898
899
892
899
900
893
900
901
894
901
902
895
903
904
896
904
905
897
905
906
898
906
907
899
907
908
900
908
909
901
909
910
902
910
911
903
912
913
904
913
914
905
914
915
906
915
916
907
916
917
908
917
918
909
918
919
910
919
920
911
920
921
912
922
913
922
923
914
923
924
915
924
925
916
925
926
917
926
927
918
927
928
919
928
929
920
929
930
921
930
931
922
932
923
932
933
924
933
934
925
934
935
926
935
936
927
936
937
928
937
938
929
938
939
930
939
940
931
940
941
932
942
933
942
943
934
943
944
935
944
945
936
945
946
937
946
947
938
947
948
939
948
949
940
949
950
941
951
942
952
943
952
953
944
953
954
945
954
955
946
955
956
947
956
957
948
957
958
949
958
959
835
845
960
961
962
845
963
964
952
965
953
965
966
954
966
967
955
967
968
956
968
969
957
969
970
958
970
971
959
971
972
962
972
961
964
965
973
966
973
974
967
974
975
968
975
976
969
976
977
970
977
978
971
978
979
972
979
973
980
974
980
981
975
981
982
976
982
983
977
983
984
978
984
985
979
985
980
986
981
986
987
982
987
988
983
988
989
984
989
990
985
990
991
992
993
992
994
995
993
995
996
994
997
998
995
998
999
996
999
1000
997
1001
1002
998
1002
1003
999
1003
1004
1000
1004
1005
1001
1006
1007
1002
1007
1008
1003
1008
1009
1004
1009
1010
1005
1010
1011
1006
1012
1013
1007
1013
1014
1008
1014
1015
1009
1015
1016
1010
1016
1017
1011
1017
1018
1012
1019
1020
1013
1020
1021
1014
1021
1022
1015
1022
1023
1016
1023
1024
1017
1024
1025
1018
1025
1026
1019
1027
1028
1020
1028
1029
1021
1029
1030
1022
1030
1031
1023
1031
1032
1024
1032
1033
1025
1033
1034
1026
1034
1035
1027
1036
1037
1028
1037
1038
1029
1038
1039
1030
1039
1040
1031
1040
1041
1032
1041
1042
1033
1042
1043
1034
1043
1044
1035
1044
1045
1036
1046
1037
1046
1047
1038
1047
1048
1039
1048
1049
1040
1049
1050
1041
1050
1051
1042
1051
1052
1043
1052
1053
1044
1053
1054
1045
1054
1055
1046
1056
1047
1056
1057
1048
1057
1058
1049
1058
1059
1050
1059
1060
1051
1060
1061
1052
1061
1062
1053
1062
1063
1054
1063
1064
1055
1064
1065
1056
1066
1057
1066
1067
1058
1067
1068
1059
1068
1069
1060
1069
1070
1061
1070
1071
1062
1071
1072
1063
1072
1073
1064
1073
1074
1065
1074
1066
1075
1067
1075
1076
1068
1076
1077
1069
1077
1078
1070
1078
1079
1071
1079
1080
1072
1080
1081
1073
1081
1082
951
1083
1084
1085
1085
1086
1087
1075
1088
1076
1088
1089
1077
1089
1090
1078
1090
1091
1079
1091
1092
1080
1092
1093
1081
1093
1094
961
1082
1094
1095
963
1083
1096
964
1096
964
1095
1087
1097
1097
1088
1098
1089
1098
1099
1090
1099
1100
1091
1100
1101
1092
1101
1102
1093
1102
1103
1094
1103
1104
1095
1104
1098
1105
1099
1105
1106
1100
1106
1107
1101
1107
1108
1102
1108
1109
1103
1109
1110
1104
1110
1105
1111
1106
1111
1112
1107
1112
1113
1108
1113
1114
1109
1114
1115
1110
1115
1111
1116
1112
1116
1117
1113
1117
1118
1114
1118
1119
1115
1119
1120
1121
1122
1121
1123
1124
1122
1124
1125
1123
1126
1127
1124
1127
1128
1125
1128
1129
1126
1130
1131
1127
1131
1132
1128
1132
1133
1129
1133
1134
1130
1135
1136
1131
1136
1137
1132
1137
1138
1133
1138
1139
1134
1139
1140
1135
1141
1142
1136
1142
1143
1137
1143
1144
1138
1144
1145
1139
1145
1146
1140
1146
1147
1141
1148
1149
1142
1149
1150
1143
1150
1151
1144
1151
1152
1145
1152
1153
1146
1153
1154
1147
1154
1155
1148
1156
1157
1149
1157
1158
1150
1158
1159
1151
1159
1160
1152
1160
1161
1153
1161
1162
1154
1162
1163
1155
1163
1164
1156
1165
1166
1157
1166
1167
1158
1167
1168
1159
1168
1169
1160
1169
1170
1161
1170
1171
1162
1171
1172
1163
1172
1173
1164
1173
1174
1165
1175
1166
1175
1176
1167
1176
1177
1168
1177
1178
1169
1178
1179
1170
1179
1180
1171
1180
1181
1172
1181
1182
1173
1182
1183
1174
1183
1184
1175
1185
1176
1185
1186
1177
1186
1187
1178
1187
1188
1179
1188
1189
1180
1189
1190
1181
1190
1191
1182
1191
1192
1183
1192
1193
1184
1193
1194
1185
1195
1186
1195
1196
1187
1196
1197
1188
1197
1198
1189
1198
1199
1190
1199
1200
1191
1200
1201
1192
1201
1202
1193
1202
1203
1194
1203
1195
1204
1196
1204
1205
1197
1205
1206
1198
1206
1207
1199
1207
1208
1200
1208
1209
1201
1209
1210
1202
1210
1211
1085
1203
1211
1204
1212
1205
1212
1213
1206
1213
1214
1207
1214
1215
1208
1215
1216
1209
1216
1217
1210
1217
1218
1084
1211
1218
1087
1219
1085
1219
1220
1221
1221
1222
1223
1224
1212
1225
1213
1225
1226
1214
1226
1227
1215
1227
1228
1216
1228
1229
1217
1229
1230
1218
1230
1231
1231
1097
1219
1224
1225
1232
1226
1232
1233
1227
1233
1234
1228
1234
1235
1229
1235
1236
1230
1236
1237
1231
1237
1232
1238
1233
1238
1239
1234
1239
1240
1235
1240
1241
1236
1241
1242
1237
1242
1238
1243
1239
1243
1244
1240
1244
1245
1241
1245
1246
1242
1246
1243
1247
1244
1247
1248
1245
1248
1249
1246
1249
1250
1251
1252
1251
1253
1254
1252
1254
1255
1253
1256
1257
1254
1257
1258
1255
1258
1259
1256
1260
1261
1257
1261
1262
1258
1262
1263
1259
1263
1264
1260
1265
1266
1261
1266
1267
1262
1267
1268
1263
1268
1269
1264
1269
1270
1265
1271
1272
1266
1272
1273
1267
1273
1274
1268
1274
1275
1269
1275
1276
1270
1276
1277
1271
1278
1279
1272
1279
1280
1273
1280
1281
1274
1281
1282
1275
1282
1283
1276
1283
1284
1277
1284
1285
1278
1286
1287
1279
1287
1288
1280
1288
1289
1281
1289
1290
1282
1290
1291
1283
1291
1292
1284
1292
1293
1285
1293
1294
1286
1295
1296
1287
1296
1297
1288
1297
1298
1289
1298
1299
1290
1299
1300
1291
1300
1301
1292
1301
1302
1293
1302
1303
1294
1303
1304
1295
1305
1296
1305
1306
1297
1306
1307
1298
1307
1308
1299
1308
1309
1300
1309
1310
1301
1310
1311
1302
1311
1312
1303
1312
1313
1304
1313
1314
1305
1315
1306
1315
1316
1307
1316
1317
1308
1317
1318
1309
1318
1319
1310
1319
1320
1311
1320
1321
1312
1321
1322
1313
1322
1323
1314
1323
1324
1315
1325
1316
1325
1326
1317
1326
1327
1318
1327
1328
1319
1328
1329
1320
1329
1330
1321
1330
1331
1322
1331
1332
1323
1332
1333
1324
1333
1325
1334
1326
1334
1335
1327
1335
1336
1328
1336
1337
1329
1337
1338
1330
1338
1339
1331
1339
1340
1332
1340
1341
1333
1341
1334
1342
1335
1342
1343
1336
1343
1344
1337
1344
1345
1338
1345
1346
1339
1346
1347
1340
1347
1348
1341
1348
1342
1349
1343
1349
1350
1344
1350
1351
1345
1351
1352
1346
1352
1353
1347
1353
1354
1348
1354
1224
1221
1223
1355
1356
1356
1357
1358
1224
1358
1349
1359
1350
1359
1360
1351
1360
1361
1352
1361
1362
1353
1362
1363
1354
1363
1364
1364
1359
1365
1360
1365
1366
1361
1366
1367
1362
1367
1368
1363
1368
1369
1364
1369
1365
1370
1366
1370
1371
1367
1371
1372
1368
1372
1373
1369
1373
1370
1374
1371
1374
1375
1372
1375
1376
1373
1376
1374
1377
1375
1377
1378
1376
1378
1379
1380
1381
1380
1382
1383
1381
1383
1384
1382
1385
1386
1383
1386
1387
1384
1387
1388
1385
1389
1390
1386
1390
1391
1387
1391
1392
1388
1392
1393
1389
1394
1395
1390
1395
1396
1391
1396
1397
1392
1397
1398
1393
1398
1399
1394
1400
1401
1395
1401
1402
1396
1402
1403
1397
1403
1404
1398
1404
1405
1399
1405
1406
1400
1407
1408
1401
1408
1409
1402
1409
1410
1403
1410
1411
1404
1411
1412
1405
1412
1413
1406
1413
1414
1407
1415
1416
1408
1416
1417
1409
1417
1418
1410
1418
1419
1411
1419
1420
1412
1420
1421
1413
1421
1422
1414
1422
1423
1415
1424
1425
1416
1425
1426
1417
1426
1427
1418
1427
1428
1419
1428
1429
1420
1429
1430
1421
1430
1431
1422
1431
1432
1423
1432
1433
1424
1434
1425
1434
1435
1426
1435
1436
1427
1436
1437
1428
1437
1438
1429
1438
1439
1430
1439
1440
1431
1440
1441
1432
1441
1442
1433
1442
1443
1434
1444
1435
1444
1445
1436
1445
1446
1437
1446
1447
1438
1447
1448
1439
1448
1449
1440
1449
1450
1441
1450
1451
1442
1451
1452
1443
1452
1453
1444
1454
1445
1454
1455
1446
1455
1456
1447
1456
1457
1448
1457
1458
1449
1458
1459
1450
1459
1460
1451
1460
1461
1452
1461
1462
1453
1462
1454
1463
1455
1463
1464
1456
1464
1465
1457
1465
1466
1458
1466
1467
1459
1467
1468
1460
1468
1469
1461
1469
1470
1462
1470
1463
1471
1464
1471
1472
1465
1472
1473
1466
1473
1474
1467
1474
1475
1468
1475
1476
1469
1476
1477
1470
1477
1471
1478
1472
1478
1479
1473
1479
1480
1474
1480
1481
1475
1481
1482
1476
1482
1483
1477
1483
1478
1484
1479
1484
1485
1480
1485
1486
1481
1486
1487
1482
1487
1488
1483
1488
1356
1358
1489
1490
1490
1491
1492
1492
1484
1493
1485
1493
1494
1486
1494
1495
1487
1495
1496
1488
1496
1497
1497
1493
1498
1494
1498
1499
1495
1499
1500
1496
1500
1501
1497
1501
1498
1502
1499
1502
1503
1500
1503
1504
1501
1504
1502
1505
1503
1505
1506
1504
1506
1505
1507
1506
1507
1508
1509
1509
1510
1511
1508
1511
1512
1510
1513
1514
1511
1514
1515
1512
1515
1516
1513
1517
1518
1514
1518
1519
1515
1519
1520
1516
1520
1521
1517
1522
1523
1518
1523
1524
1519
1524
1525
1520
1525
1526
1521
1526
1527
1522
1528
1529
1523
1529
1530
1524
1530
1531
1525
1531
1532
1526
1532
1533
1527
1533
1534
1528
1535
1536
1529
1536
1537
1530
1537
1538
1531
1538
1539
1532
1539
1540
1533
1540
1541
1534
1541
1542
1535
1543
1544
1536
1544
1545
1537
1545
1546
1538
1546
1547
1539
1547
1548
1540
1548
1549
1541
1549
1550
1542
1550
1551
1543
1552
1553
1544
1553
1554
1545
1554
1555
1546
1555
1556
1547
1556
1557
1548
1557
1558
1549
1558
1559
1550
1559
1560
1551
1560
1561
1552
1562
1553
1562
1563
1554
1563
1564
1555
1564
1565
1556
1565
1566
1557
1566
1567
1558
1567
1568
1559
1568
1569
1560
1569
1570
1561
1570
1571
1562
1572
1563
1572
1573
1564
1573
1574
1565
1574
1575
1566
1575
1576
1567
1576
1577
1568
1577
1578
1569
1578
1579
1570
1579
1580
1571
1580
1581
1572
1582
1573
1582
1583
1574
1583
1584
1575
1584
1585
1576
1585
1586
1577
1586
1587
1578
1587
1588
1579
1588
1589
1580
1589
1590
1581
1590
1582
1591
1583
1591
1592
1584
1592
1593
1585
1593
1594
1586
1594
1595
1587
1595
1596
1588
1596
1597
1589
1597
1598
1590
1598
1591
1599
1592
1599
1600
1593
1600
1601
1594
1601
1602
1595
1602
1603
1596
1603
1604
1597
1604
1605
1598
1605
1599
1606
1600
1606
1607
1601
1607
1608
1602
1608
1609
1603
1609
1610
1604
1610
1611
1605
1611
1606
1612
1607
1612
1613
1608
1613
1614
1609
1614
1615
1610
1615
1616
1611
1616
1612
1617
1613
1617
1618
1614
1618
1619
1615
1619
1620
1616
1620
1490
1491
1492
1491
1492
1617
1621
1618
1621
1622
1619
1622
1623
1620
1623
1624
1624
1621
1625
1622
1625
1626
1623
1626
1627
1624
1627
1625
1628
1626
1628
1629
1627
1629
1628
1630
1629
1630
1630
1631
1632
1632
1633
1633
1634
1635
1632
1635
1636
1631
1636
1637
1634
1638
1639
1635
1639
1640
1636
1640
1641
1637
1641
1642
1638
1643
1644
1639
1644
1645
1640
1645
1646
1641
1646
1647
1642
1647
1648
1643
1649
1650
1644
1650
1651
1645
1651
1652
1646
1652
1653
1647
1653
1654
1648
1654
1655
1649
1656
1657
1650
1657
1658
1651
1658
1659
1652
1659
1660
1653
1660
1661
1654
1661
1662
1655
1662
1663
1656
1664
1665
1657
1665
1666
1658
1666
1667
1659
1667
1668
1660
1668
1669
1661
1669
1670
1662
1670
1671
1663
1671
1672
1664
1673
1674
1665
1674
1675
1666
1675
1676
1667
1676
1677
1668
1677
1678
1669
1678
1679
1670
1679
1680
1671
1680
1681
1672
1681
1682
1673
1683
1674
1683
1684
1675
1684
1685
1676
1685
1686
1677
1686
1687
1678
1687
1688
1679
1688
1689
1680
1689
1690
1681
1690
1691
1682
1691
1692
1683
1693
1684
1693
1694
1685
1694
1695
1686
1695
1696
1687
1696
1697
1688
1697
1698
1689
1698
1699
1690
1699
1700
1691
1700
1701
1692
1701
1702
1693
1703
1694
1703
1704
1695
1704
1705
1696
1705
1706
1697
1706
1707
1698
1707
1708
1699
1708
1709
1700
1709
1710
1701
1710
1711
1702
1711
1703
1712
1704
1712
1713
1705
1713
1714
1706
1714
1715
1707
1715
1716
1708
1716
1717
1709
1717
1718
1710
1718
1719
1711
1719
1712
1720
1713
1720
1721
1714
1721
1722
1715
1722
1723
1716
1723
1724
1717
1724
1725
1718
1725
1726
1719
1726
1720
1727
1721
1727
1728
1722
1728
1729
1723
1729
1730
1724
1730
1731
1725
1731
1732
1726
1732
1727
1733
1728
1733
1734
1729
1734
1735
1730
1735
1736
1731
1736
1737
1732
1737
1733
1738
1734
1738
1739
1735
1739
1740
1736
1740
1741
1737
1741
1738
1742
1739
1742
1743
1740
1743
1744
1741
1744
1742
1745
1743
1745
1746
1744
1747
1748
1747
1745
1749
1749
1750
1751
1747
1750
1749
1752
1750
1752
1752
1753
1754
1754
1755
1755
1756
1756
1757
1758
1755
1758
1759
1754
1759
1760
1753
1760
1761
1757
1762
1763
1758
1763
1764
1759
1764
1765
1760
1765
1766
1761
1766
1767
1762
1768
1769
1763
1769
1770
1764
1770
1771
1765
1771
1772
1766
1772
1773
1767
1773
1774
1768
1775
1776
1769
1776
1777
1770
1777
1778
1771
1778
1779
1772
1779
1780
1773
1780
1781
1774
1781
1782
1775
1783
1784
1776
1784
1785
1777
1785
1786
1778
1786
1787
1779
1787
1788
1780
1788
1789
1781
1789
1790
1782
1790
1791
1783
1792
1793
1784
1793
1794
1785
1794
1795
1786
1795
1796
1787
1796
1797
1788
1797
1798
1789
1798
1799
1790
1799
1800
1791
1800
1801
1792
1802
1793
1802
1803
1794
1803
1804
1795
1804
1805
1796
1805
1806
1797
1806
1807
1798
1807
1808
1799
1808
1809
1800
1809
1810
1801
1810
1811
1802
1812
1803
1812
1813
1804
1813
1814
1805
1814
1815
1806
1815
1816
1807
1816
1817
1808
1817
1818
1809
1818
1819
1810
1819
1820
1811
1820
1821
1812
1822
1813
1822
1823
1814
1823
1824
1815
1824
1825
1816
1825
1826
1817
1826
1827
1818
1827
1828
1819
1828
1829
1820
1829
1830
1821
1830
1822
1831
1823
1831
1832
1824
1832
1833
1825
1833
1834
1826
1834
1835
1827
1835
1836
1828
1836
1837
1829
1837
1838
1830
1838
1831
1839
1832
1839
1840
1833
1840
1841
1834
1841
1842
1835
1842
1843
1836
1843
1844
1837
1844
1845
1838
1845
1839
1846
1840
1846
1847
1841
1847
1848
1842
1848
1849
1843
1849
1850
1844
1850
1851
1845
1851
1846
1852
1847
1852
1853
1848
1853
1854
1849
1854
1855
1850
1855
1856
1851
1856
1852
1857
1853
1857
1858
1854
1858
1859
1855
1859
1860
1856
1860
1857
1861
1858
1861
1862
1859
1862
1863
1860
1863
1861
1864
1862
1864
1865
1863
1866
1864
1867
1748
1751
1868
1869
1870
1751
1871
1872
1867
1873
1870
1873
1869
1872
1873
1874
1875
1875
1876
1876
1877
1877
1878
1878
1879
1880
1877
1880
1881
1876
1881
1882
1875
1882
1883
1874
1883
1884
1879
1885
1886
1880
1886
1887
1881
1887
1888
1882
1888
1889
1883
1889
1890
1884
1890
1891
1885
1892
1893
1886
1893
1894
1887
1894
1895
1888
1895
1896
1889
1896
1897
1890
1897
1898
1891
1898
1899
1892
1900
1901
1893
1901
1902
1894
1902
1903
1895
1903
1904
1896
1904
1905
1897
1905
1906
1898
1906
1907
1899
1907
1908
1900
1909
1910
1901
1910
1911
1902
1911
1912
1903
1912
1913
1904
1913
1914
1905
1914
1915
1906
1915
1916
1907
1916
1917
1908
1917
1918
1909
1919
1910
1919
1920
1911
1920
1921
1912
1921
1922
1913
1922
1923
1914
1923
1924
1915
1924
1925
1916
1925
1926
1917
1926
1927
1918
1927
1928
1919
1929
1920
1929
1930
1921
1930
1931
1922
1931
1932
1923
1932
1933
1924
1933
1934
1925
1934
1935
1926
1935
1936
1927
1936
1937
1928
1937
1938
1929
1939
1930
1939
1940
1931
1940
1941
1932
1941
1942
1933
1942
1943
1934
1943
1944
1935
1944
1945
1936
1945
1946
1937
1946
1947
1938
1947
1939
1948
1940
1948
1949
1941
1949
1950
1942
1950
1951
1943
1951
1952
1944
1952
1953
1945
1953
1954
1946
1954
1955
1947
1955
1948
1956
1949
1956
1957
1950
1957
1958
1951
1958
1959
1952
1959
1960
1953
1960
1961
1954
1961
1962
1955
1962
1956
1963
1957
1963
1964
1958
1964
1965
1959
1965
1966
1960
1966
1967
1961
1967
1968
1962
1968
1963
1969
1964
1969
1970
1965
1970
1971
1966
1971
1972
1967
1972
1973
1968
1973
1969
1974
1970
1974
1975
1971
1975
1976
1972
1976
1977
1973
1977
1974
1978
1975
1978
1979
1976
1979
1980
1977
1980
1978
1981
1979
1981
1982
1980
1982
1981
1983
1866
1984
1985
1986
1985
1987
1988
1869
1983
1989
1871
1984
1990
1872
1990
1872
1989
1988
1991
1991
1989
1992
1993
1993
1994
1994
1995
1995
1996
1996
1997
1997
1998
1999
1996
1999
2000
1995
2000
2001
1994
2001
2002
1993
2002
2003
1992
2003
2004
1998
2005
2006
1999
2006
2007
2000
2007
2008
2001
2008
2009
2002
2009
2010
2003
2010
2011
2004
2011
2012
2005
2013
2014
2006
2014
2015
2007
2015
2016
2008
2016
2017
2009
2017
2018
2010
2018
2019
2011
2019
2020
2012
2020
2021
2013
2022
2023
2014
2023
2024
2015
2024
2025
2016
2025
2026
2017
2026
2027
2018
2027
2028
2019
2028
2029
2020
2029
2030
2021
2030
2031
2022
2032
2023
2032
2033
2024
2033
2034
2025
2034
2035
2026
2035
2036
2027
2036
2037
2028
2037
2038
2029
2038
2039
2030
2039
2040
2031
2040
2041
2032
2042
2033
2042
2043
2034
2043
2044
2035
2044
2045
2036
2045
2046
2037
2046
2047
2038
2047
2048
2039
2048
2049
2040
2049
2050
2041
2050
2051
2042
2052
2043
2052
2053
2044
2053
2054
2045
2054
2055
2046
2055
2056
2047
2056
2057
2048
2057
2058
2049
2058
2059
2050
2059
2060
2051
2060
2052
2061
2053
2061
2062
2054
2062
2063
2055
2063
2064
2056
2064
2065
2057
2065
2066
2058
2066
2067
2059
2067
2068
2060
2068
2061
2069
2062
2069
2070
2063
2070
2071
2064
2071
2072
2065
2072
2073
2066
2073
2074
2067
2074
2075
2068
2075
2069
2076
2070
2076
2077
2071
2077
2078
2072
2078
2079
2073
2079
2080
2074
2080
2081
2075
2081
2076
2082
2077
2082
2083
2078
2083
2084
2079
2084
2085
2080
2085
2086
2081
2086
2082
2087
2083
2087
2088
2084
2088
2089
2085
2089
2090
2086
2090
2087
2091
2088
2091
2092
2089
2092
2093
2090
2093
2091
2094
2092
2094
2095
2093
2095
2094
2096
1985
2095
2096
1986
2096
1988
2097
1986
2098
2097
2099
2098
2100
2101
2102
1991
2097
2102
2103
2104
2104
2105
2105
2106
2106
2107
2107
2108
2108
2109
2109
2110
2111
2108
2111
2112
2107
2112
2113
2106
2113
2114
2105
2114
2115
2104
2115
2116
2103
2116
2117
2110
2118
2119
2111
2119
2120
2112
2120
2121
2113
2121
2122
2114
2122
2123
2115
2123
2124
2116
2124
2125
2117
2125
2126
2118
2127
2128
2119
2128
2129
2120
2129
2130
2121
2130
2131
2122
2131
2132
2123
2132
2133
2124
2133
2134
2125
2134
2135
2126
2135
2136
2127
2137
2128
2137
2138
2129
2138
2139
2130
2139
2140
2131
2140
2141
2132
2141
2142
2133
2142
2143
2134
2143
2144
2135
2144
2145
2136
2145
2137
2146
2138
2146
2147
2139
2147
2148
2140
2148
2149
2141
2149
2150
2142
2150
2151
2143
2151
2152
2144
2152
2153
2145
2153
2154
2154
2146
2155
2147
2155
2156
2148
2156
2157
2149
2157
2158
2150
2158
2159
2151
2159
2160
2152
2160
2161
2153
2161
2162
2154
2162
2163
2163
2155
2164
2156
2164
2165
2157
2165
2166
2158
2166
2167
2159
2167
2168
2160
2168
2169
2161
2169
2170
2162
2170
2171
2163
2171
2164
2172
2165
2172
2173
2166
2173
2174
2167
2174
2175
2168
2175
2176
2169
2176
2177
2170
2177
2178
2171
2178
2172
2179
2173
2179
2180
2174
2180
2181
2175
2181
2182
2176
2182
2183
2177
2183
2184
2178
2184
2179
2185
2180
2185
2186
2181
2186
2187
2182
2187
2188
2183
2188
2189
2184
2189
2185
2190
2186
2190
2191
2187
2191
2192
2188
2192
2193
2189
2193
2190
2194
2191
2194
2195
2192
2195
2196
2193
2196
2194
2197
2195
2197
2198
2196
2198
2197
2199
2198
2199
2199
2102
2099
2200
2100
2201
2102
2202
2200
2202
2203
2204
2205
2205
2206
2206
2207
2207
2208
2208
2209
2209
2210
2210
2211
2211
2212
2213
2210
2213
2214
2209
2214
2215
2208
2215
2216
2207
2216
2217
2206
2217
2218
2205
2218
2219
2204
2219
2220
2212
2221
2222
2213
2222
2223
2214
2223
2224
2215
2224
2225
2216
2225
2226
2217
2226
2227
2218
2227
2228
2219
2228
2229
2220
2229
2230
2221
2231
2222
2231
2232
2223
2232
2233
2224
2233
2234
2225
2234
2235
2226
2235
2236
2227
2236
2237
2228
2237
2238
2229
2238
2239
2230
2239
2231
2240
2232
2240
2241
2233
2241
2242
2234
2242
2243
2235
2243
2244
2236
2244
2245
2237
2245
2246
2238
2246
2247
2239
2247
2240
2248
2241
2248
2249
2242
2249
2250
2243
2250
2251
2244
2251
2252
2245
2252
2253
2246
2253
2254
2247
2254
2255
2255
2248
2256
2249
2256
2257
2250
2257
2258
2251
2258
2259
2252
2259
2260
2253
2260
2261
2254
2261
2262
2255
2262
2263
2263
2256
2264
2257
2264
2265
2258
2265
2266
2259
2266
2267
2260
2267
2268
2261
2268
2269
2262
2269
2270
2263
2270
2264
2271
2265
2271
2272
2266
2272
2273
2267
2273
2274
2268
2274
2275
2269
2275
2276
2270
2276
2271
2277
2272
2277
2278
2273
2278
2279
2274
2279
2280
2275
2280
2281
2276
2281
2277
2282
2278
2282
2283
2279
2283
2284
2280
2284
2285
2281
2285
2282
2286
2283
2286
2287
2284
2287
2288
2285
2288
2286
2289
2287
2289
2290
2288
2290
2289
2291
2290
2291
2291
2201
2292
2202
2293
2294
2292
2294
2295
2296
2297
2297
2298
2298
2299
2299
2300
2300
2301
2301
2302
2302
2303
2303
2304
2304
2305
2306
2303
2306
2307
2302
2307
2308
2301
2308
2309
2300
2309
2310
2299
2310
2311
2298
2311
2312
2297
2312
2313
2296
2313
2314
2305
2315
2306
2315
2316
2307
2316
2317
2308
2317
2318
2309
2318
2319
2310
2319
2320
2311
2320
2321
2312
2321
2322
2313
2322
2323
2314
2323
2315
2324
2316
2324
2325
2317
2325
2326
2318
2326
2327
2319
2327
2328
2320
2328
2329
2321
2329
2330
2322
2330
2331
2323
2331
2324
2332
2325
2332
2333
2326
2333
2334
2327
2334
2335
2328
2335
2336
2329
2336
2337
2330
2337
2338
2331
2338
2332
2339
2333
2339
2340
2334
2340
2341
2335
2341
2342
2336
2342
2343
2337
2343
2344
2338
2344
2345
2345
2339
2346
2340
2346
2347
2341
2347
2348
2342
2348
2349
2343
2349
2350
2344
2350
2351
2345
2351
2352
2352
2346
2353
2347
2353
2354
2348
2354
2355
2349
2355
2356
2350
2356
2357
2351
2357
2358
2352
2358
2353
2359
2354
2359
2360
2355
2360
2361
2356
2361
2362
2357
2362
2363
2358
2363
2359
2364
2360
2364
2365
2361
2365
2366
2362
2366
2367
2363
2367
2364
2368
2365
2368
2369
2366
2369
2370
2367
2370
2368
2371
2369
2371
2372
2370
2372
2371
2373
2372
2373
2373
2293
2295
2294
2295
2295
2374
2375
2375
2376
2376
2377
2377
2378
2378
2379
2379
2380
2380
2381
2381
2382
2382
2383
2383
2384
2382
2384
2385
2381
2385
2386
2380
2386
2387
2379
2387
2388
2378
2388
2389
2377
2389
2390
2376
2390
2391
2375
2391
2392
2374
2392
2384
2393
2385
2393
2394
2386
2394
2395
2387
2395
2396
2388
2396
2397
2389
2397
2398
2390
2398
2399
2391
2399
2400
2392
2400
2393
2401
2394
2401
2402
2395
2402
2403
2396
2403
2404
2397
2404
2405
2398
2405
2406
2399
2406
2407
2400
2407
2401
2408
2402
2408
2409
2403
2409
2410
2404
2410
2411
2405
2411
2412
2406
2412
2413
2407
2413
2408
2414
2409
2414
2415
2410
2415
2416
2411
2416
2417
2412
2417
2418
2413
2418
2419
2419
2414
2420
2415
2420
2421
2416
2421
2422
2417
2422
2423
2418
2423
2424
2419
2424
2425
2425
2420
2426
2421
2426
2427
2422
2427
2428
2423
2428
2429
2424
2429
2430
2425
2430
2426
2431
2427
2431
2432
2428
2432
2433
2429
2433
2434
2430
2434
2431
2435
2432
2435
2436
2433
2436
2437
2434
2437
2435
2438
2436
2438
2439
2437
2439
2438
2440
2439
2440
2440
2441
2441
2442
2442
2443
2443
2444
2444
2445
2445
2446
2446
2447
2447
2448
2448
2449
2449
2449
2450
2448
2450
2451
2447
2451
2452
2446
2452
2453
2445
2453
2454
2444
2454
2455
2443
2455
2456
2442
2456
2457
2441
2457
2450
2458
2451
2458
2459
2452
2459
2460
2453
2460
2461
2454
2461
2462
2455
2462
2463
2456
2463
2464
2457
2464
2458
2465
2459
2465
2466
2460
2466
2467
2461
2467
2468
2462
2468
2469
2463
2469
2470
2464
2470
2465
2471
2466
2471
2472
2467
2472
2473
2468
2473
2474
2469
2474
2475
2470
2475
2471
2476
2472
2476
2477
2473
2477
2478
2474
2478
2479
2475
2479
2480
2480
2476
2481
2477
2481
2482
2478
2482
2483
2479
2483
2484
2480
2484
2485
2485
2481
2486
2482
2486
2487
2483
2487
2488
2484
2488
2489
2485
2489
2486
2490
2487
2490
2491
2488
2491
2492
2489
2492
2490
2493
2491
2493
2494
2492
2494
2493
2495
2494
2495
2495
2496
2496
2497
2497
2498
2498
2499
2499
2500
2500
2501
2501
2502
2502
2503
2503
2503
2504
2502
2504
2505
2501
2505
2506
2500
2506
2507
2499
2507
2508
2498
2508
2509
2497
2509
2510
2496
2510
2504
2511
2505
2511
2512
2506
2512
2513
2507
2513
2514
2508
2514
2515
2509
2515
2516
2510
2516
2511
2517
2512
2517
2518
2513
2518
2519
2514
2519
2520
2515
2520
2521
2516
2521
2517
2522
2518
2522
2523
2519
2523
2524
2520
2524
2525
2521
2525
2522
2526
2523
2526
2527
2524
2527
2528
2525
2528
2529
2529
2526
2530
2527
2530
2531
2528
2531
2532
2529
2532
2533
2533
2530
2534
2531
2534
2535
2532
2535
2536
2533
2536
2534
2537
2535
2537
2538
2536
2538
2537
2539
2538
2539
2539
2540
2540
2541
2541
2542
2542
2543
2543
2544
2544
2545
2545
2546
2546
2546
2547
2545
2547
2548
2544
2548
2549
2543
2549
2550
2542
2550
2551
2541
2551
2552
2540
2552
2547
2553
2548
2553
2554
2549
2554
2555
2550
2555
2556
2551
2556
2557
2552
2557
2553
2558
2554
2558
2559
2555
2559
2560
2556
2560
2561
2557
2561
2558
2562
2559
2562
2563
2560
2563
2564
2561
2564
2562
2565
2563
2565
2566
2564
2566
2567
2567
2565
2568
2566
2568
2569
2567
2569
2570
2570
2568
2571
2569
2571
2572
2570
2572
2571
2573
2572
2573
2573
2574
2574
2575
2575
2576
2576
2577
2577
2578
2578
2579
2579
2579
2580
2578
2580
2581
2577
2581
2582
2576
2582
2583
2575
2583
2584
2574
2584
2580
2585
2581
2585
2586
2582
2586
2587
2583
2587
2588
2584
2588
2585
2589
2586
2589
2590
2587
2590
2591
2588
2591
2589
2592
2590
2592
2593
2591
2593
2592
2594
2593
2594
2595
2595
2594
2596
2595
2596
2597
2597
2596
2598
2597
2598
2598
2599
2599
2600
2600
2601
2601
2602
2602
2603
2603
2603
2604
2602
2604
2605
2601
2605
2606
2600
2606
2607
2599
2607
2604
2608
2605
2608
2609
2606
2609
2610
2607
2610
2608
2611
2609
2611
2612
2610
2612
2611
2613
2612
2613
2613
2614
2614
2614
2615
2615
2615
2616
2616
2617
2617
2618
2618
2619
2619
2619
2620
2618
2620
2621
2617
2621
2622
2616
2622
2620
2623
2621
2623
2624
2622
2624
2623
2625
2624
2625
2625
2626
2626
2627
2627
2628
2628
2628
2629
2627
2629
2630
2626
2630
2629
2631
2630
2631
2631
2632
2632
2633
2633
2633
2634
2632
2634
2634
2635
2635
2635
)


// ************************************************************************* //
