/*--------------------------------*- C++ -*----------------------------------*\
| =========                 |                                                 |
| \\      /  F ield         | OpenFOAM: The Open Source CFD Toolbox           |
|  \\    /   O peration     | Version:  2512                                  |
|   \\  /    A nd           | Website:  www.openfoam.com                      |
|    \\/     M anipulation  |                                                 |
\*---------------------------------------------------------------------------*/
FoamFile
{
    version     2.0;
    format      ascii;
    arch        "LSB;label=32;scalar=64";
    class       labelList;
    location    "constant/polyMesh";
    object      cellProcAddressing;
}
// * * * * * * * * * * * * * * * * * * * * * * * * * * * * * * * * * * * * * //


2628
(
3
2
4
484
69
1
1019
5
485
483
68
70
1018
3561
0
1020
6
8175
486
482
67
71
1017
3560
10044
1165
3562
10042
8176
1021
7
8174
8162
487
481
66
72
1016
3531
10045
1166
3559
10041
8177
1164
3563
10043
10039
10047
1022
8
8173
8163
8161
488
480
65
73
1015
3530
10046
1167
3532
10012
8178
1163
3558
10014
10040
10048
1119
3564
10030
10032
10038
10068
1023
9
8172
8164
8160
8148
489
479
64
74
1014
3501
9980
1168
3529
10011
8179
1162
3533
10013
10009
10049
1120
3557
10029
10015
10037
10067
1118
3565
9876
10031
10033
10035
9608
1024
10
8171
8165
8159
8149
8147
490
478
63
75
1013
3500
9979
1169
3502
9981
8180
1161
3528
9984
10010
10050
1121
3534
10000
10002
10008
10066
1117
3556
9877
10028
10016
10036
9609
1073
3566
9873
10026
10022
10034
9607
9622
1025
11
8170
8166
8158
8150
8146
8134
491
477
62
76
1012
3471
9978
1170
3499
9976
8181
1160
3503
9982
9974
10051
1122
3527
9999
9985
10007
9624
1116
3535
9878
10001
10003
10005
9610
1074
3555
9870
10027
10021
10017
9604
9623
1072
3567
9874
9872
10025
10023
9602
9606
9620
1026
12
8169
8167
8157
8151
8145
8135
8133
492
476
61
77
1011
3470
9923
1171
3472
9977
8182
1159
3498
9983
9975
10052
1123
3504
9965
9967
9973
9625
1115
3526
9879
9998
9986
10006
9611
1075
3536
9853
9996
9992
10004
9577
9615
1071
3554
9869
9871
10020
10018
9603
9605
9619
1027
3568
9875
9865
9861
10024
9601
9587
9585
9621
13
523
8168
8156
8152
8144
8136
8132
8120
493
475
60
78
1010
3441
9922
1172
3469
9924
8183
1158
3473
9946
9948
10053
1124
3497
9964
9968
9950
9626
1114
3505
9880
9966
9970
9972
9550
1076
3525
9852
9997
9991
9987
9576
9612
1070
3537
9868
9854
9995
9993
9578
9572
9616
1028
3553
9826
9866
9860
10019
9600
9580
9582
9618
14
3569
8967
9824
9864
9862
9598
9588
9586
9584
524
522
8155
8153
8143
8137
8131
8121
8119
494
474
59
79
1009
3440
9915
1173
3442
9913
8184
1157
3468
9945
9925
10054
1125
3474
9943
9947
9949
9627
1113
3496
9881
9963
9969
9951
9551
1077
3506
9845
9961
9957
9971
9549
9613
1069
3524
9849
9851
9990
9988
9575
9573
9567
1029
3538
9827
9867
9855
9994
9383
9579
9571
9617
15
3552
8968
9825
9859
9857
9599
9589
9581
9583
1217
3570
8966
9823
9819
9863
9595
9597
9448
9450
525
521
8154
8142
8138
8130
8122
8118
8106
495
473
58
80
1008
3411
9916
1174
3439
9914
8185
1156
3443
9890
9912
10055
1126
3467
9944
9938
9926
9628
1112
3475
9882
9942
9936
9928
9552
1078
3495
9844
9962
9956
9952
9546
9614
1068
3507
9848
9846
9960
9958
9548
9544
9564
1030
3523
9828
9850
9796
9989
9382
9574
9568
9566
16
3539
8969
9802
9798
9856
9384
9380
9570
1996
1216
3551
8965
9814
9818
9858
9592
9590
9445
9451
1218
3571
8955
8963
9822
9820
9594
9596
9447
9449
526
520
8141
8139
8129
8123
8117
8107
8105
496
472
57
81
1007
3410
9917
1175
3412
9907
8186
1155
3438
9891
9909
10056
1127
3444
9889
9911
9776
9629
1111
3466
9883
9939
9937
9927
9553
1079
3476
9837
9941
9935
9929
9535
9559
1067
3494
9841
9843
9955
9953
9547
9545
9563
1031
3508
9829
9847
9793
9959
9367
9543
9541
9565
17
3522
8970
9803
9797
9795
9369
9381
9569
1997
1215
3540
8922
9813
9801
9799
9385
9379
9375
9452
1995
3550
8924
8964
9815
9817
9593
9591
9446
9444
1219
3572
8954
8956
8962
9821
9428
9432
9438
9442
527
519
8140
8128
8124
8116
8108
8104
8092
497
471
82
1006
3381
9918
1176
3409
9906
8187
1154
3413
9892
9908
10057
1128
3437
9888
9910
9775
9630
1110
3445
9884
9886
9771
9777
9500
1080
3465
9836
9940
9934
9779
9534
9554
1066
3477
9840
9838
9932
9930
9536
9530
9560
1032
3493
9830
9842
9790
9954
9366
9538
9540
9562
18
3509
8971
9804
9792
9794
9368
9364
9542
1998
1214
3521
8921
9812
9408
9388
9102
9370
9374
9453
1994
3541
8923
8919
9410
9800
9386
9100
9378
9376
1952
3549
8951
8925
8961
9816
9429
9433
9437
9443
1220
3573
8949
8953
8957
8959
9427
9431
9441
9439
528
518
8127
8125
8115
8109
8103
8093
8091
498
470
3380
9919
1177
3382
9903
8188
1153
3408
9893
9905
10058
1129
3414
9758
9752
9750
9631
1109
3436
9762
9887
9772
9774
9501
1081
3446
9140
9885
9770
9778
9499
9555
1065
3464
9833
9835
9933
9780
9533
9531
9525
1033
3478
9831
9839
9787
9931
9351
9537
9529
9561
19
3492
8972
9805
9791
9789
9353
9365
9539
1999
1213
3510
8890
9811
9403
9389
9103
9363
9359
9454
1993
3520
8892
8920
9409
9407
9387
9101
9371
9373
1953
3542
8910
8912
8918
9411
9091
9093
9099
9377
1951
3548
8950
8952
8926
8960
9413
9430
9434
9436
1221
3574
8944
8940
8936
8958
9426
9423
9419
9440
529
517
8126
8114
8110
8102
8094
8090
8054
499
469
3379
9902
8189
1152
3383
9894
9904
10059
1130
3407
9757
9753
9749
9632
1108
3415
9761
9759
9751
9747
9502
1082
3435
9136
9763
9765
9773
9488
9556
1064
3447
9139
9141
9769
9767
9498
9494
9522
1034
3463
9832
9834
9783
9781
9350
9532
9526
9524
20
3479
8973
9806
9786
9788
9352
9348
9528
2000
1212
3491
8889
9810
9402
9106
9060
9354
9358
9455
1992
3511
8891
8887
9404
9390
9104
9074
9362
9360
1954
3519
8907
8893
8917
9406
9090
9094
9076
9372
1950
3543
8909
8911
8913
8915
9412
9092
9096
9098
1908
3547
8943
8941
8937
8927
8529
9414
9418
9435
1222
3575
8948
8945
8939
8935
8527
9424
9422
9420
530
516
8113
8111
8101
8095
8089
8055
8053
500
468
3378
9895
9901
10060
1131
3384
9726
9728
9734
9633
1107
3406
9756
9754
9738
9748
9503
1083
3416
9133
9760
9744
9746
9487
9557
1063
3434
9137
9135
9764
9766
9497
9489
9521
1035
3448
9123
9125
9142
9768
9335
9495
9493
9523
21
3462
8974
9807
9784
9782
9337
9349
9527
2001
1211
3480
8858
9809
9397
9107
9059
9347
9343
9456
1991
3490
8860
8888
9401
9391
9105
9061
9355
9357
1955
3512
8878
8880
8886
9405
9071
9073
9075
9361
1949
3518
8908
8906
8894
8916
8532
9089
9095
9077
1909
3544
8463
8904
8900
8914
8530
9087
9083
9097
1907
3546
8465
8942
8938
8928
8528
9425
9415
9417
1223
2457
3576
8946
8932
8934
8526
8519
8517
9421
531
515
8112
8100
8096
8088
8056
8052
501
467
3377
9723
9729
9733
9634
1106
3385
9725
9727
9737
9735
9504
1084
3405
9132
9755
9741
9739
9484
9558
1062
3417
9138
9134
9743
9745
9486
9482
9518
1036
3433
9122
9126
9128
9145
9334
9496
9490
9520
22
3449
8975
9124
9785
9143
9336
9332
9492
2002
1210
3461
8857
9808
9396
9108
9054
9338
9342
9457
1990
3481
8859
8855
9398
9392
8609
9058
9346
9344
1956
3489
8875
8861
8885
9400
9070
9068
9062
9356
1948
3513
8877
8879
8881
8883
8533
9072
9066
9064
1910
3517
8462
8905
8899
8895
8531
9088
9082
9078
1906
3545
8464
8460
8903
8901
8492
8502
9086
9084
1864
2456
3577
8466
8931
8929
8525
8504
8516
9416
1224
2458
2634
8947
8933
8476
8520
8518
8514
532
514
8099
8097
8087
8057
8051
502
466
3376
9724
9722
9730
9732
9505
1085
3386
9015
9720
9718
9736
9473
9513
1061
3404
9019
9131
9742
9740
9485
9483
9517
1037
3418
9035
9037
9129
9146
9319
9481
9479
9519
23
3432
8976
9121
9127
9144
9321
9333
9491
2003
1209
3450
8823
9119
9115
9109
9053
9331
9327
9458
1989
3460
8828
8856
9395
9393
8610
9055
9339
9341
1957
3482
8846
8848
8854
9399
8608
9057
8590
9345
1947
3488
8876
8874
8862
8884
8534
9069
9067
9063
1911
3514
8443
8872
8868
8882
8012
8602
8598
9065
1905
3516
8445
8461
8898
8896
8493
8495
9081
9079
1865
2455
3578
8459
8457
8902
8491
8503
8501
9085
1863
2459
2635
8467
8930
8477
8521
8505
8515
1225
2633
8471
8473
8475
8523
8511
8513
533
513
8098
8086
8058
8050
503
465
3375
9014
9721
9715
9731
9472
9512
1060
3387
9018
9016
9719
9717
9474
9468
9514
1038
3403
9034
9020
9130
9147
9318
9476
9478
9516
24
3419
8977
9036
9038
9040
9320
9316
9480
2004
1208
3431
8824
9120
9114
9110
9048
9322
9326
9459
1988
3451
8827
8822
9118
9116
8611
9052
9330
9328
1958
3459
8843
8829
8853
9394
8607
9056
8589
9340
1946
3483
8845
8847
8849
8851
8535
8605
8561
8591
1912
3487
8442
8873
8867
8863
8009
8603
8597
8593
1904
3515
8444
8440
8871
8869
8011
8013
8601
8599
1866
2454
3579
8446
8456
8897
8490
8494
8496
9080
1862
2460
2636
8458
8454
8478
8488
8500
8498
1820
2620
8470
8468
8075
8522
8510
8506
1226
2632
8472
8474
8081
8524
8512
534
512
8085
8059
8049
504
464
3374
9013
8990
9714
9716
9471
9469
9276
1039
3388
9011
9017
9002
9148
9303
9475
9467
9515
25
3402
8978
9033
9021
9041
9305
9317
9477
2005
1207
3420
8793
9031
9027
9039
9047
9315
9311
9460
1987
3430
8825
8795
9113
9111
8612
9049
9323
9325
1959
3452
8813
8815
8821
9117
8550
9051
8584
9329
1945
3458
8844
8842
8830
8852
8536
8606
8562
8588
1913
3484
8431
8840
8836
8850
8008
8604
8560
8592
1903
3486
8433
8441
8866
8864
8010
7998
8596
8594
1867
2453
3580
8439
8437
8870
7994
7996
8014
8600
1861
2461
2637
8447
8455
8479
8489
8020
8497
1821
2619
8451
8453
8074
8487
8483
8499
1819
2621
8469
8076
8068
8509
8507
1227
2631
8078
8080
8082
8084
535
511
8060
8048
505
463
3373
9012
9005
8991
9149
9302
9470
9277
9275
26
3389
8979
9010
9003
9001
9304
9300
9466
2006
1206
3401
8792
9032
9026
9022
9042
9306
9310
9461
1986
3421
8826
8794
9030
9028
8613
9046
9314
9312
1960
3429
8810
8816
8796
9112
8549
9050
8583
9324
1944
3453
8812
8814
8818
8820
8537
8551
8563
8585
1914
3457
8430
8841
8835
8831
8001
8553
8555
8587
1902
3485
8432
8428
8839
8837
8007
7999
8559
8557
1868
2452
3581
8434
8436
8865
7991
7997
8015
8595
1860
2462
2638
8438
7527
7993
7995
8019
8017
1822
2606
8450
8448
8071
8480
8482
8021
1818
2618
8452
8073
8069
8486
8484
1776
2622
8077
8067
8065
8508
1228
2630
8079
8047
8083
536
510
8061
506
462
8980
9006
9004
8992
8628
9301
9465
2007
1205
3390
8773
9009
8998
9000
8626
9299
9295
9462
1985
3400
8777
8791
9025
9023
8614
9043
9307
9309
1961
3422
8783
8785
8789
9029
8544
9045
8578
9313
1943
3428
8811
8809
8817
8797
8538
8548
8564
8582
1915
3454
8419
8807
8803
8819
8002
8552
7948
8586
1901
3456
8421
8429
8834
8832
8006
8000
8554
8556
1869
2451
3582
8427
8425
8838
7968
7970
7974
8558
1859
2463
2639
8435
7528
7992
7990
7978
8016
1823
2605
7524
7526
7512
7988
7984
8018
1817
2607
8449
8072
8070
8481
8022
1777
2617
8040
8036
8032
8485
1775
2623
8042
8066
8064
1229
2629
8046
8062
537
509
507
461
9007
8995
8993
8627
9290
9294
9463
1984
3391
8776
8774
8997
8999
8615
8625
9298
9296
1962
3399
8780
8778
8790
9024
8543
9044
8577
9308
1942
3423
8782
8784
8786
8788
8539
8545
8565
8579
1916
3427
8416
8808
8802
8798
8003
8547
7947
8581
1900
3455
8420
8418
8806
8804
8005
7925
7927
7949
1870
2450
3583
8422
8424
8833
7965
7971
7973
7951
1858
2464
2640
8426
7529
7967
7969
7977
7975
1824
2592
7523
7515
7491
7989
7983
7979
1816
2604
7525
7513
7511
7987
7985
1778
2608
8039
8037
8033
8023
1774
2616
8041
8035
8031
1732
2624
8043
8063
1230
2628
8045
538
508
460
8996
8994
8616
8622
9291
9293
1963
3392
8405
8775
8357
8343
8339
8624
8572
9297
1941
3398
8781
8779
8361
8359
8540
8542
8566
8576
1917
3424
8413
8369
8367
8787
7908
8546
7942
8580
1899
3426
8415
8417
8801
8799
8004
7910
7928
7946
1871
2449
3584
7534
7532
8805
7922
7924
7926
7950
1857
2465
2641
8423
7530
7966
7964
7972
7952
1825
2591
7520
7516
7490
7962
7958
7976
1815
2593
7522
7514
7492
7982
7980
1779
2603
7508
7510
7502
7986
1773
2609
8038
8034
8024
1733
2615
8028
8030
1731
2625
8044
1231
2627
539
459
8344
8338
8623
8571
9292
1940
3393
8406
8404
8356
8358
8342
8340
8567
8573
1918
3397
8410
8370
8362
8360
7905
8541
7941
8575
1898
3425
8414
8412
8368
8366
7907
7909
7929
7943
1872
2448
3585
7535
7473
8800
7919
7917
7911
7945
1856
2466
2642
7533
7531
7921
7923
7915
7913
1826
2578
7519
7517
7481
7963
7957
7953
1814
2590
7521
7489
7315
7961
7959
1780
2594
7507
7505
7493
7981
1772
2602
7509
7503
7501
1734
2610
8027
8025
1730
2614
8029
1232
2626
540
458
8335
8337
8568
8570
1919
3394
8407
8371
7864
7850
7848
8341
7936
8574
1897
3396
8409
8411
8363
7866
7906
7904
7930
7940
1873
2447
3586
7536
7468
8365
7900
7902
7882
7944
1855
2467
2643
7474
7472
7920
7918
7916
7912
1827
2577
7476
7478
7480
7894
7890
7914
1813
2579
7518
7482
7316
7956
7954
1781
2589
7486
7488
7314
7960
1771
2595
7506
7504
7494
1735
2601
7498
7500
1729
2611
8026
1233
2613
541
457
8336
7935
8569
1896
3395
8408
7539
7863
7865
7849
7845
7931
7937
1874
2446
3587
7537
7467
8364
7867
7903
7881
7939
1854
2468
2644
7463
7469
7899
7901
7877
7883
1828
2564
7475
7471
7325
7895
7889
7885
1812
2576
7477
7479
7317
7893
7891
1782
2580
7485
7483
7311
7955
1770
2588
7487
7313
7309
1736
2596
7497
7495
1728
2600
7499
1234
2612
542
456
7932
7934
1875
2445
3590
3589
7538
7452
7714
7712
7844
7840
7938
1853
2469
3588
2645
7464
7466
7898
7868
7878
7880
1829
2563
7462
7470
7324
7896
7876
7884
1811
2565
7332
7326
7318
7888
7886
1783
2575
7330
7328
7300
7892
1769
2581
7484
7312
7310
1737
2587
7306
7308
1727
2597
7496
1235
2599
543
455
7933
1852
2470
3595
3596
2646
7455
7453
7713
7709
7843
7841
1830
2550
7461
7465
7321
7897
7869
7879
1810
2562
7333
7323
7319
7873
7875
1784
2566
7331
7327
7299
7887
1768
2574
7329
7295
7301
1738
2582
7305
7303
1726
2586
7307
1236
2598
544
454
1831
2549
7456
7454
7270
7708
7704
7842
1809
2551
7334
7322
7320
7872
7870
1785
2561
7288
7284
7278
7874
1767
2567
7290
7296
7298
1739
2573
7294
7302
1725
2583
7304
1237
2585
545
453
2548
7335
7269
7271
7707
7705
1786
2552
7287
7285
7277
7871
1766
2560
7289
7283
7279
1740
2568
7291
7297
1724
2572
7293
1238
2584
546
452
2547
7264
7266
7272
7706
1765
2553
7286
7274
7276
1741
2559
7282
7280
1723
2569
7292
1239
2571
547
451
2546
7265
7273
7245
1742
2554
7257
7275
1722
2558
7281
1240
2570
548
450
2545
7258
7246
1721
2555
7256
1241
2557
549
449
2544
7248
1242
7247
2556
550
7249
448
2543
7251
551
7250
447
446
)


// ************************************************************************* //
