/*--------------------------------*- C++ -*----------------------------------*\
| =========                 |                                                 |
| \\      /  F ield         | OpenFOAM: The Open Source CFD Toolbox           |
|  \\    /   O peration     | Version:  2512                                  |
|   \\  /    A nd           | Website:  www.openfoam.com                      |
|    \\/     M anipulation  |                                                 |
\*---------------------------------------------------------------------------*/
FoamFile
{
    version     2.0;
    format      ascii;
    arch        "LSB;label=32;scalar=64";
    class       labelList;
    location    "constant/polyMesh";
    object      faceProcAddressing;
}
// * * * * * * * * * * * * * * * * * * * * * * * * * * * * * * * * * * * * * //


8474
(
-11
14
15
12
-7
13
18
16
17
-9
1427
-1424
-205
208
209
8
10
-1
-2970
-3
2973
20
19
21
-2
1429
1428
1426
1425
-1421
-202
206
207
210
211
212
-2967
2972
2971
-10429
10431
10432
6
5
4
2975
2976
2974
23
22
24
23472
-23470
-23441
1432
1431
1430
1423
1422
-1418
-199
203
204
213
214
215
-2964
2969
2968
-10344
-10426
10430
28476
-28474
-23478
3402
3403
-3400
-10427
10433
10434
-28473
28475
-28471
23473
23474
23475
2978
2979
2977
26
25
27
23471
-23468
-23444
23442
23440
-23438
1435
1434
1433
1420
1419
-1415
-196
200
201
216
217
218
-2961
2966
2965
-10341
10343
10345
28477
-28410
-23482
3404
3405
-3398
-10347
-10423
10428
-28409
-28414
-28472
23476
23477
23479
-3397
3401
-3267
-10424
10435
10436
-28415
-28452
-28456
28470
-28455
-28468
28478
-28469
28479
2981
2982
2980
29
28
30
23469
-23466
-23447
23445
23443
-23436
23439
-23435
-23401
1438
1437
1436
1417
1416
-1412
-193
197
198
219
220
221
-2958
2963
2962
-10256
-10338
10342
-28328
-28407
-23486
3406
3407
-3395
-10339
10346
10348
-28406
28408
-28403
23480
23481
23483
-3394
3399
-3270
-10350
-10420
10425
-28411
28413
28412
-28404
-28419
-28466
28480
-28467
28481
3266
3268
-3264
-10421
10437
10438
-28450
-28086
28451
-28418
-28453
28454
-28465
-28458
-28461
-28500
-28462
-27425
2984
2985
2983
32
31
33
23467
-23464
-23450
23448
23446
-23433
23437
-23432
-23404
23402
23400
-23398
1441
1440
1439
1414
1413
-1409
-190
194
195
222
223
224
-2955
2960
2959
-10253
10255
10257
-28326
28327
-23490
3408
3409
-3392
-10259
-10335
10340
-28330
-28335
-28405
23484
23485
23487
-3391
3396
-3273
-10336
10349
10351
-28336
-28378
-28384
28402
-28383
-28399
28482
-28401
28483
3269
3271
-3262
-10353
-10417
10422
-28379
-28089
-28448
-28385
28417
28416
-28400
-28423
-28463
-28499
-28464
-27428
-3261
3265
-3131
-10418
10439
10440
28084
-28082
28085
-28449
-28446
-28439
-28422
-28440
28457
28460
-28459
-27422
27423
-27421
27424
2987
2988
2986
35
34
36
23465
-23462
-23453
23451
23449
-23430
23434
-23429
-23407
23405
23403
-23396
23399
-23395
-23361
1444
1443
1442
1411
1410
-1406
-187
191
192
225
226
227
-2952
2957
2956
-10168
-10250
10254
-28325
-28321
-23494
3410
3411
-3389
-10251
10258
10260
-28322
28329
-28317
23488
23489
23491
-3388
3393
-3276
-10262
-10332
10337
-28332
28334
28333
-28318
-28340
-28397
28484
-28398
-27451
3272
3274
-3259
-10333
10352
10354
-28376
-28092
28377
-28339
-28380
28382
-28396
-28387
-28392
-27452
-28394
-27431
-3258
3263
-3134
-10356
-10414
10419
28087
-28076
28088
-28381
-28447
-28436
-28388
28421
28420
-28393
-28426
-27416
27426
-27415
27427
3130
3132
-3128
-10415
10441
10442
-28075
28081
-28079
28445
-28080
-28444
-28435
28438
28437
-28425
-28442
-27410
-27414
-27409
-27419
27448
-27420
-27447
2990
2991
2989
38
37
39
23463
-23460
-23456
23454
23452
-23427
23431
-23426
-23410
23408
23406
-23393
23397
-23392
-23364
23362
23360
-23358
1447
1446
1445
1408
1407
-1403
-184
188
189
228
229
230
-2949
2954
2953
-10165
10167
10169
-28183
-28324
-23498
3412
3413
-3386
-10171
-10247
10252
28320
28323
-28319
23492
23493
23495
-3385
3390
-3279
-10248
10261
10263
28331
-28293
-28300
28316
-28299
-28313
28485
-28315
-27455
3275
3277
-3256
-10265
-10329
10334
-28294
-28095
-28374
-28301
28338
28337
-28314
-28344
-28395
27449
27450
-27433
-3255
3260
-3137
-10330
10355
10357
28090
-28034
28091
-28375
-28371
-28360
-28343
-28361
28386
28391
-28389
-27348
27429
-27347
27430
3133
3135
-3126
-10359
-10411
10416
-28033
-28072
28074
-28372
-28078
-28434
-28362
-28432
-28428
-28390
28424
-27412
-27346
-27411
27413
-27438
-27418
-27445
-3125
3129
-2995
-10412
10443
10444
-28073
28083
-28066
-28077
-28065
-28058
-28433
-28059
-28443
-28429
28441
-27407
27408
-27406
-27373
-27417
-27374
-27369
-27444
-27370
27446
2992
2993
-44
40
41
23461
-1540
-23458
23457
23455
-23424
23428
-23423
-23413
23411
23409
-23390
23394
-23389
-23367
23365
23363
-23356
23359
-23355
-23321
1450
1449
1448
1405
1404
-1400
-181
185
186
231
232
233
-2946
2951
2950
-10080
-10162
10166
-28181
28182
-23501
3414
3415
-3383
-10163
10170
10172
-28186
-28241
-28247
23496
23497
23499
-3382
3387
-3282
-10174
-10244
10249
-28242
-28291
-28304
-28246
-28303
-28253
28486
-28254
-27458
3278
3280
-3253
-10245
10264
10266
-28290
-28098
28292
28297
-28295
28298
-28252
-28307
-28311
27453
27454
-27286
-3252
3257
-3140
-10268
-10326
10331
28093
-28030
28094
-28296
-28373
-28357
-28308
28342
28341
-28312
-28347
-27344
-27284
-27343
27432
3136
3138
-3123
-10327
10358
10360
-28029
28032
28031
28370
-28038
-28368
-28356
28359
28358
-28346
-28364
-27351
-27342
27345
-27330
-27435
-27333
27437
-3122
3127
-2998
-10362
-10408
10413
-28071
-27968
-28068
-28037
-28069
-28054
-28369
-28055
-28430
-28365
28427
-27405
-27350
-27404
-27356
-27332
-27357
-27362
-27440
-27363
-27442
2994
2996
-46
-10409
10445
10446
-27969
-25678
-27964
28064
-27963
-28063
-28053
28057
28056
-28431
-28061
-27400
-27403
-27399
-27377
-27354
27372
-27371
-27361
27368
-27366
-27443
-27367
-1543
42
43
1539
-1536
23459
-1538
-23421
23425
-23420
-23416
23414
23412
-23387
23391
-23386
-23370
23368
23366
-23353
23357
-23352
-23324
23322
23320
-23318
1453
1452
1451
1402
1401
-1397
-178
182
183
234
235
236
-2943
2948
2947
-10077
10079
10081
-28175
-28171
-23506
3416
3417
-3380
-10083
-10159
10164
-28172
28185
28184
23500
23502
23503
-3379
3384
-3285
-10160
10173
10175
-28239
-28236
28240
-28189
-28243
28245
28487
-28249
-27461
3281
3283
-3250
-10177
-10241
10246
-28237
-28101
-28287
-28244
-28289
28302
-28248
28251
28250
27456
27457
-27289
-3249
3254
-3143
-10242
10267
10269
28096
-28014
28097
-28288
-28284
-28273
-28305
-28274
28306
-28256
-28309
-27282
27283
-27280
27285
3139
3141
-3120
-10271
-10323
10328
-28013
-28022
-28026
-28285
-28028
-28355
-28275
-28353
-28349
-28310
28345
-27341
-27281
-27339
-27335
27434
-27336
-27316
-3119
3124
-3001
-10324
10361
10363
-28023
-27971
-28070
-28027
28036
28035
-28354
-28041
-28366
-28350
28363
-26851
-27340
-26849
27349
27329
27331
-27326
-27317
-27328
27439
2997
2999
-49
-10365
-10405
10410
27967
-25681
-27965
28067
-27966
-28052
-28040
-28050
-28045
-28367
-28047
-27402
-26850
-27401
-27379
-27352
27355
27353
-27327
-27358
27360
-27441
-27365
-3534
45
47
-10406
10447
10448
25676
-25675
25677
27962
-27961
-27955
-28051
-27956
-28062
-28046
28060
-27395
27398
-27394
-27397
27375
27376
-27021
-27359
-27020
-27025
-27364
-27024
-1546
1542
1541
1537
-1533
23422
-1535
-23418
23417
23415
-23384
23388
-23383
-23373
23371
23369
-23350
23354
-23349
-23327
23325
23323
-23316
23319
-23315
-23281
1456
1455
1454
1399
1398
-1394
-175
179
180
237
238
239
-2940
2945
2944
-9992
-10074
10078
28174
-28173
-23510
3418
3419
-3377
-10075
10082
10084
28170
-28124
-28168
23504
23505
23507
-3376
3381
-3288
-10086
-10156
10161
-28125
-28238
-28224
-28169
28188
28187
28488
-28193
-27464
3284
3286
-3247
-10157
10176
10178
28235
-28104
-28232
-28225
-28233
-28219
-28192
-28220
-28196
27459
27460
-27292
-3246
3251
-3146
-10180
-10238
10243
28099
-28010
28100
-28234
-28286
-28269
-28221
-28270
-28258
-28197
28255
-27274
27287
-27273
27288
3142
3144
-3117
-10239
10270
10272
-28009
28012
28011
28283
-28017
-28281
-28268
28272
28271
-28259
-28277
-27279
-27272
-27277
-27266
27436
-27268
-27311
-3116
3121
-3004
-10274
-10320
10325
-28020
-27973
28021
-28016
-28024
-27892
-28282
-27894
-28351
-28278
28348
-26847
-27278
-26846
-27337
-27267
27334
-27320
-27310
27315
-27313
3000
3002
-52
-10321
10364
10366
27970
-25684
-27912
-28025
-27913
-27901
-27893
-27899
28039
-28352
-28043
-26854
-26845
26848
-26840
-27338
-26841
-27324
-27319
-27323
-5794
-27314
-5796
-3532
48
50
-10368
-10402
10407
25679
-25674
25680
-27911
-27941
-27951
-27900
-27952
-28048
-28042
28044
-27388
-26853
-27387
-27382
-26842
27378
-27014
-27325
-27013
-27027
-5795
-27028
-3537
-3530
3533
-10403
10449
10450
-25673
-25651
-25669
-27940
-25670
-27960
-27950
27954
27953
-28049
-27958
-27392
-27386
-27391
27393
-27381
-27396
-27018
-27012
-27017
27019
27023
-27022
-1549
1545
1544
1534
-1530
23419
-1532
-23381
23385
-23380
-23376
23374
23372
-23347
23351
-23346
-23330
23328
23326
-23313
23317
-23312
-23284
23282
23280
-23278
1459
1458
1457
1396
1395
-1391
-172
176
177
240
241
242
-2937
2942
2941
-9989
9991
9993
28176
-28160
-23514
3420
3421
-3374
-9995
-10071
10076
-28159
-28128
-28164
23508
23509
23511
-3373
3378
-3291
-10072
10085
10087
28122
-28120
28123
-28163
-28166
-27836
28489
-27838
-27467
3287
3289
-3244
-10089
-10153
10158
-28121
-28107
-28228
-28167
28223
-28222
-27837
28191
28190
27462
27463
-27294
-3243
3248
-3149
-10154
10179
10181
28102
-27994
28103
-28227
-28230
-28216
28218
-28215
-28199
-28194
28195
-27242
27290
-27241
27291
3145
3147
-3114
-10183
-10235
10240
-27993
-28002
-28006
-28231
-28008
-28267
-28217
-28265
-28261
-28200
28257
-27276
-27240
27271
-27269
-27301
-27270
-27308
-3113
3118
-3007
-10236
10273
10275
-28003
-27975
-28018
-28007
28015
-27884
-28266
-27885
-28279
-28262
28276
-26803
-27275
-26802
-27263
27265
-27262
-27257
-27307
-27258
27309
3003
3005
-55
-10277
-10317
10322
27972
-25687
-27916
-28019
-27917
-27896
-27883
27891
-27888
-28280
-27890
-26809
-26801
-26807
-26843
-27264
-26844
-27322
-27259
27318
-5800
-27312
-5799
-3529
51
53
-10318
10367
10369
25682
-25578
25683
27909
27910
-27907
-27895
27898
27897
-27889
-27903
-26857
-26808
26852
-26837
26839
-26836
-26826
-27321
-26828
-27030
5792
5793
-5791
-3527
3531
-10371
-10399
10404
-25577
-25583
-25671
-27938
-25672
27939
-27908
-27943
-27947
-27904
-27949
-27390
-26856
27385
-27383
-26838
27380
-27016
-26827
27011
-27008
27026
-27010
-3540
3536
3535
-10400
10451
10452
-25582
-25649
25650
25668
-25653
-25666
-27944
-25667
-27959
-27948
27957
-26971
-27389
-26970
-26980
-27384
-26981
-26999
-27015
-26998
-27004
-27009
-27005
-1552
1548
1547
1531
-1527
23382
-1529
-23378
23377
23375
-23344
23348
-23343
-23333
23331
23329
-23310
23314
-23309
-23287
23285
23283
-23276
23279
-23275
-23241
1462
1461
1460
1393
1392
-1388
173
174
243
244
245
-2934
2939
2938
-9904
-9986
9990
28177
-28157
-23518
3422
3423
-3371
-9987
9994
9996
-28156
-28130
28158
23512
23513
23515
-3370
3375
-3294
-9998
-10068
10073
28126
-28119
28127
-28161
28162
-27833
28490
-27834
-27470
3290
3292
-3241
-10069
10088
10090
-28118
-28109
-28113
-28165
-28114
-27823
-27832
-27821
27835
27465
27466
-27160
-3240
3245
-3152
-10092
-10150
10155
28105
-27990
28106
-28115
28226
-28214
-27824
-28213
-27845
-27840
-27843
-27238
-27158
-27237
27293
3148
3150
-3111
-10151
10182
10184
-27989
27992
27991
-28229
-27997
-28208
-28212
-28207
-28202
-27844
28198
-27245
-27236
27239
-27224
-27296
-27227
27300
-3110
3115
-3010
-10186
-10232
10237
-28000
-27977
28001
-27996
-28004
-27875
-28209
-27876
-28263
-28203
28260
-26799
-27244
-26798
-27250
-27226
-27249
-27254
-27303
-27255
-27305
3006
3008
-58
-10233
10276
10278
27974
-25690
-27920
-28005
-27921
-27881
-27874
-27879
27882
-28264
-27887
-26805
-26797
26800
-26792
-27248
-26794
-27260
-27253
27256
-5803
-27306
-5804
-3526
54
56
-10280
-10314
10319
25685
-25575
25686
27914
27915
-26922
-27880
-26920
-26865
-27886
-26864
-26057
-26804
-26054
26806
-26793
-26812
-26822
-27261
-26823
-27032
5797
5798
-5790
-3524
3528
-10315
10370
10372
-25574
25576
-25569
-27937
-25571
-26927
-26921
-26926
-27905
-26866
27902
-26860
-26055
26855
-26049
-26811
-26048
-26834
-26821
26825
26824
27029
-26831
-5686
-5789
-5685
-10374
-10396
10401
-25579
25581
25580
-25570
-25587
-25664
-26928
-25665
27942
-27906
-27945
-26974
-26859
-26973
-26984
-26050
-26983
-26995
-26835
-26994
-27007
-26830
-27006
-3543
3539
3538
-10397
10453
10454
-25645
-25642
-25647
-25586
-25648
25652
-25663
-25655
-25658
-27946
-25660
-26967
26968
-26966
26969
26978
-26977
26979
-26993
26997
26996
27003
-27001
-1555
1551
1550
1528
-1524
23379
-1526
-23341
23345
-23340
-23336
23334
23332
-23307
23311
-23306
-23290
23288
23286
-23273
23277
-23272
-23244
23242
23240
-23238
1465
1464
1463
1390
1389
-1385
247
248
2936
2935
-9901
9903
9905
28178
-28152
-23522
3424
3425
-3368
-9907
-9983
9988
-28151
-28132
-28154
23516
23517
23519
-3367
3372
-3297
-9984
9997
9999
28129
-27788
-27770
-28155
-27771
-27764
28491
-27765
-27473
3293
3295
-3238
-10001
-10065
10070
-27787
-27796
-28116
-27772
-28117
-27827
-27763
-27826
-27830
27468
27469
-27163
-3237
3242
-3155
-10066
10091
10093
-27795
-26164
28108
28112
-28110
-27818
27820
-27817
27822
-27831
27839
-27156
27157
-27154
27159
3151
3153
-3108
-10095
-10147
10152
-26163
-27982
-27986
-28111
-27988
-28211
-27819
-28210
-27848
-27841
27842
-27235
-27155
-27233
-27229
27295
-27230
-27210
-3107
3112
-3013
-10148
10185
10187
-27983
-27979
-27998
-27987
27995
-27866
28206
-27867
-28204
-27847
28201
-26755
-27234
-26754
27243
27223
27225
-27220
-27211
-27222
27302
3009
3011
-61
-10189
-10229
10234
27976
-25693
-27924
-27999
-27925
-27878
-27865
27873
-27870
-28205
-27872
-26761
-26753
-26759
-26795
-27246
-26796
27247
-27221
-27251
-5807
-27304
-5808
-3523
57
59
-10230
10279
10281
25688
-25490
25689
27918
27919
-26909
-27877
-26908
-26868
-27871
-26869
-26060
-26760
-26059
-26789
26791
-26788
-26778
-27252
-26780
-27034
5801
5802
-5788
-3521
3525
-10283
-10311
10316
-25489
-25494
-25572
-27936
-25573
-26924
-26907
26919
-26917
26862
26863
-26861
26053
26056
-26051
-26790
-26052
26810
-26779
-26814
-26818
27031
-26820
-5689
-5787
-5688
-10312
10373
10375
-25495
-25543
-25549
25568
-25548
-25565
-26923
-25567
26925
-26918
-26930
-26024
26858
-26021
-26030
26047
-26029
-26044
-26815
-26045
-26832
-26819
26829
-5683
5684
-5682
-10377
-10393
10398
-25544
-25643
25644
-25550
25585
25584
-25566
-25591
-25661
-26931
-25662
-26936
-26023
-26935
26972
-26031
-26976
26982
-26046
-26986
-26990
-26833
-26992
-3546
3542
3541
-10394
10455
10456
25641
-25637
-25626
-25646
-25627
-25617
-25590
-25618
25654
25657
-25656
25659
-26934
-26965
-26961
-26975
-26962
-26954
-26987
-26955
-27002
-26991
27000
-1558
1554
1553
1525
-1521
23342
-1523
-23338
23337
23335
-23304
23308
-23303
-23293
23291
23289
-23270
23274
-23269
-23247
23245
23243
-23236
23239
-23235
-23139
1468
1467
1466
1387
1386
-1382
-9898
9902
-28149
-23526
3427
-3365
-9899
9906
9908
-28148
-28134
28150
23520
23521
23523
-3364
3369
-3300
-9910
-9980
9985
28131
-27784
-27774
-28153
-27775
-27760
28492
-27761
-27476
3296
3298
-3235
-9981
10000
10002
-27783
27786
27785
27768
27769
-27766
-27759
27762
-27756
27471
27472
-27166
-3234
3239
-3158
-10004
-10062
10067
-27793
-26157
27794
-27790
-27799
-27805
-27767
-27804
27825
-27757
-27828
-27125
27161
-27124
27162
3154
3156
-3105
-10063
10094
10096
-26156
-26160
26162
-27798
-26167
-27815
-27803
-27814
-27809
-27829
-27810
-27153
-27123
-27151
-27142
27297
-27144
-27205
-3104
3109
-3016
-10098
-10144
10149
-26161
-27980
27981
-26166
-27984
-27856
-27816
-27857
-27851
-27811
27846
-26751
-27152
-26750
-27231
-27143
27228
-27214
-27204
27209
-27207
3012
3014
-64
-10145
10188
10190
27978
-25696
-27928
-27985
-27929
-27863
-27855
-27861
27864
-27850
-27869
-26757
-26749
26752
-26744
-27232
-26746
-27218
-27213
-27217
-5811
-27208
-5812
-3520
60
62
-10192
-10226
10231
25691
-25487
25692
27922
27923
-26905
-27862
-26904
-26069
-27868
-26068
-25930
-26756
-25929
26758
-26745
-26764
-26774
-27219
-26775
-27036
5805
5806
-5786
-3518
3522
-10227
10282
10284
-25486
25488
-25481
-27935
-25483
-26912
-26903
26906
-26871
-26066
26867
-26063
-25927
26058
-25971
-26763
-25972
-26786
-26773
26777
26776
27033
-26783
-5692
-5785
-5691
-10286
-10308
10313
-25491
25493
25492
-25482
-25499
-25563
-26911
-25564
-26915
-26873
-26914
-26019
-26062
-26018
-26034
-25970
-26033
-25978
-26787
-25979
26813
-26782
-26816
-5681
5687
-5680
-10309
10376
10378
-25538
-25540
25542
-25498
-25545
25547
-25562
-25552
-25557
-26916
-25559
26929
-26017
26022
26020
26027
-26025
26028
-25977
-26037
-26041
-26817
-26042
-5556
-5679
-5555
-10380
-10390
10395
-25541
-25634
-25629
-25546
-25630
-25620
-25553
25589
25588
-25558
-25594
-24461
-26932
-24462
26933
-26026
-26940
-26950
-26038
-26951
26985
-26043
-26988
-3549
3545
3544
-10391
10457
10458
-25633
25636
25635
25624
25625
-25623
25615
25616
-25613
-25593
-25614
-24456
-24464
-24457
-26964
-26938
26960
-26959
-26949
26953
26952
-26989
-26957
-1561
1557
1556
1522
-1518
23339
-1520
-23301
23305
-23300
-23296
23294
23292
-23267
23271
-23266
-23250
23248
23246
-23233
23237
-23232
-23142
23140
23138
-23136
1471
1470
1469
1384
1383
-1380
-9895
9900
-28136
-28146
23525
23527
3366
-3303
-9896
9909
9911
28133
-27697
-27703
-28147
-27704
-27721
28493
-27722
-27479
3299
3301
-3232
-9913
-9977
9982
-27696
-27781
-27777
-27702
27773
-27732
-27720
-27730
-27758
27474
27475
-27169
-3231
3236
-3161
-9978
10003
10005
-27782
-26149
-27791
-27778
27789
-27748
-27731
-27747
-27753
27755
-27752
-27120
27164
-27119
27165
3157
3159
-3102
-10007
-10059
10064
-26147
26155
-26152
-27792
-26154
27797
-27749
-27800
27802
-27754
-27807
-27150
-27118
27122
27121
27298
-27129
-27202
-3101
3106
-3019
-10060
10097
10099
-26159
-26117
-26122
-26153
-26123
26165
-27801
-26169
-27812
-27806
27808
-26707
-27149
-26706
-27146
-27127
27141
-27138
-27201
-27139
27203
3015
3017
-67
-10101
-10141
10146
-26118
-25699
-27931
-26125
-27932
-27860
-26170
27854
-27852
-27813
27849
-26713
-26705
-26711
-26747
-27147
-26748
-27216
-27140
27212
-5816
-27206
-5815
-3517
63
65
-10142
10191
10193
25694
-25402
25695
27926
27927
-26893
-27859
-26892
-26072
-27853
-26073
-25925
-26712
-25924
-26741
26743
-26740
-26730
-27215
-26732
-27038
5809
5810
-5784
-3515
3519
-10195
-10223
10228
-25401
-25406
-25484
-27934
-25485
-26902
-26891
-26900
-26876
26065
26067
-26064
-25923
25928
25926
-26742
-25934
26762
-26731
-26766
-26770
27035
-26772
-5695
-5783
-5694
-10224
10285
10287
-25407
-25455
-25461
25480
-25460
-25477
-26901
-25479
26910
26870
26872
-25963
26061
-25962
-25968
-25933
-25966
25969
-26767
-25974
-26784
-26771
26781
-5678
5690
-5677
-10289
-10305
10310
-25456
25537
-25535
-25462
25497
25496
-25478
-25503
-25560
-26913
-25561
-24473
-25961
-24472
-26014
-25967
-26016
26032
-25973
25976
25975
-26785
-25982
-5559
-5676
-5558
-10306
10379
10381
-25539
-24288
-25530
-25536
-25531
-25519
-25502
-25520
25551
25556
-25554
-24466
-24474
-24467
-26011
-26015
-26010
-25999
-26035
-26000
26036
-25981
-26039
-5553
5554
-5552
-10383
-10387
10392
-24289
-24292
-25631
-25532
25628
-25622
-25521
25619
-25597
-25555
25592
-24459
24460
-24458
24463
-26012
26939
26937
-26001
-26942
-26946
-26040
-26948
-3552
3548
3547
-10388
-7155
10459
-24293
-10461
-25640
-25632
25638
-25608
-25621
-25607
-25612
-25596
-25611
-24454
24455
-24453
-24441
26963
-24442
-24438
-26943
-24437
-26958
-26947
26956
-1564
1560
1559
1519
-1515
23302
-1517
-23298
23297
23295
-23264
23268
-23263
-23253
23251
23249
-23230
23234
-23229
-23145
23143
23141
-23134
23137
-23133
-1476
1473
1472
-1378
1381
-1377
-9892
9897
-27691
-27706
-27707
-27716
-27717
-27482
3304
-3229
-9893
9912
9914
-27690
-27693
27695
27700
-27698
27701
-27715
27719
27718
27477
27478
-27172
-3228
3233
-3164
-9916
-9974
9979
-27694
-26145
-27779
-27699
27776
-27740
-27727
27729
27728
-27724
-27735
-27112
27167
-27111
27168
3160
3162
-3099
-9975
10006
10008
-26144
26148
26146
-27780
-26151
-27744
-27739
-27743
27746
-27734
-27750
-27117
-27110
-27115
-27104
27299
-27106
-27197
-3098
3103
-3022
-10010
-10056
10061
26158
-26115
-26128
-26150
-26127
-26132
-27745
-26135
-26178
-27751
-26179
-26703
-27116
-26702
-27148
-27105
27128
27126
-27196
-27132
-27199
3018
3020
-70
-10057
10100
10102
-26114
-25702
26116
26121
-26119
26124
-26133
26171
26168
-26180
-26173
-26709
-26701
26704
-26696
27145
-26698
-27136
-27131
-27135
-5819
-27200
-5820
-3514
66
68
-10104
-10138
10143
25697
-25399
25698
-26120
27930
-26889
27858
-26888
-26077
-26174
-26076
-25913
-26708
-25912
26710
-26697
-26716
-26726
-27137
-26727
-27040
5813
5814
-5782
-3512
3516
-10139
10194
10196
-25398
25400
-25393
-27933
-25395
-26896
-26887
26890
-26878
26070
26071
-24706
-25911
-24704
-25920
-26715
-25922
-26738
-26725
26729
26728
27037
-26735
-5698
-5781
-5697
-10198
-10220
10225
-25403
25405
25404
-25394
-25411
-25475
-26895
-25476
-26898
26874
26875
-25959
-24705
-25958
-25954
-25921
25932
25931
-26739
-25938
26765
-26734
-26768
-5675
5693
-5674
-10221
10288
10290
-25450
-25452
25454
-25410
-25457
25459
-25474
-25464
-25469
-26899
-25471
-24478
-25957
-24477
25960
-25953
-25964
-25948
-25937
-25949
-25942
-26769
-25944
-5562
-5673
-5561
-10292
-10302
10307
-25453
-24286
-25534
-25458
-25533
-25516
-25465
25501
25500
-25470
-25506
-24469
24470
-24468
24471
-25965
-26013
-25995
-25950
-25996
-25984
-25943
25980
-5551
5557
-5550
-10303
10382
10384
-24285
24287
-24280
25529
-24281
-25527
-25515
25518
25517
-25505
-25523
-24368
24465
-24367
-24396
26009
-24397
-26007
-25994
25998
25997
-25985
-26003
-5426
-5549
-5425
-10385
-7153
10389
-24290
-10463
24291
-24282
-24295
-25605
-25528
-25604
-25600
-25524
25595
-24452
-24366
-24451
-24403
-24398
-24404
-24435
-26008
-24434
26941
-26004
-26944
-3555
3551
3550
-7151
7154
10460
-7158
-7655
-24296
-7657
25639
-25603
25609
25606
-25599
-25610
-24319
-24450
-24318
-24445
-24401
24440
-24439
-24433
24436
-24429
-26945
-24430
-1567
1563
1562
1516
-1512
23299
-1514
-23261
23265
-23260
-23256
23254
23252
-23227
23231
-23226
-23148
23146
23144
-23131
23135
-23130
-1478
1475
1474
-1375
1379
-1374
-9889
9894
27689
-27686
-27688
27705
-27709
-27713
27481
-27175
3230
-3167
-9890
9915
9917
-27692
-25807
-27681
-27687
-27682
-27675
-27710
-27676
-27725
-27714
27723
-27080
27170
-27079
27171
3163
3165
-3096
-9919
-9971
9976
-25806
-25816
-26141
-27683
-26143
-27742
-27677
27738
-27736
-27726
27733
-27114
-27078
27109
-27107
-27187
-27108
-27194
-3095
3100
-3025
-9972
10009
10011
-25817
-25860
-25866
-26142
-25865
-26137
-27741
-26138
-26183
-27737
-26184
-26661
-27113
-26660
-27101
27103
-27100
-27095
-27193
-27097
27195
3021
3023
-73
-10013
-10053
10058
-25859
-25705
-26111
-25864
-26113
26126
26131
-26129
26134
26176
-26175
26177
-26659
-26664
-26699
-27102
-26700
-27134
-27096
27130
-5823
-27198
-5824
-3511
69
71
-10054
10103
10105
25700
-25310
25701
-26112
-26108
-26098
-26130
-26100
-26081
26172
-26080
-25908
-26665
-25909
-26693
26695
-26692
-26682
-27133
-26684
-27042
5817
5818
-5780
-3509
3513
-10107
-10135
10140
-25309
-25318
-25396
-26109
-25397
-26886
-26099
-26884
-26881
26074
26075
-24710
-25907
-24708
25910
-26694
-25916
26714
-26683
-26718
-26722
27039
-26724
-5701
-5779
-5700
-10136
10197
10199
-25319
-25367
-25373
25392
-25372
-25389
-26885
-25391
26894
26877
26879
-24701
24702
-24699
24703
-25915
-25918
-24650
-26719
-24652
-26736
-26723
26733
-5672
5696
-5671
-10201
-10217
10222
-25368
25449
-25447
-25374
25409
25408
-25390
-25415
-25472
-26897
-25473
-24482
-24700
-24481
-25955
-25919
25952
-25951
-24651
25936
25935
-26737
-25940
-5565
-5670
-5564
-10218
10291
10293
-25451
-24235
-25442
-25448
-25443
-25431
-25414
-25432
25463
25468
-25466
-23017
24475
-23016
24476
-25956
-24685
-24675
25947
-24674
-25945
-25939
25941
-5548
5560
-5547
-10295
-10299
10304
-24234
-24238
-24283
-25444
-24284
-25514
-25433
-25512
-25508
-25467
25504
-24371
-23015
-24370
-24376
-24686
-24377
-25993
-24676
-25991
-25987
-25946
25983
-5429
-5546
-5428
-10300
-7150
10386
-24239
-10465
-24277
24279
-24276
-24271
-25513
-24272
-25525
-25509
25522
-24363
24364
-24361
24365
-24375
24395
-24392
-25992
-24394
-26005
-25988
26002
-5423
5424
-5422
-7148
7152
10462
-7161
-7659
-24278
-7660
24294
-24273
-24299
-25601
-25526
25598
-24323
-24362
-24322
-24447
-24399
24402
24400
-24393
-24407
-24431
-26006
-24432
-3558
3554
3553
7156
7157
7654
-7653
7656
-24300
-24308
-24312
-25602
-24311
-24315
24316
-24314
24317
24443
24444
-24423
-24408
-24422
-24427
24428
-24426
-1570
1566
1565
1513
-1509
23262
-1511
-23258
23257
23255
-23224
23228
-23223
-23152
23149
23147
-23128
23132
-23127
-1481
1479
1477
-1372
1376
-1371
-9886
9891
-25803
-27685
-27684
-27667
-27668
27708
-27711
-27076
-27075
27174
3168
-3093
-9887
9918
9920
-25802
25805
25804
27680
-25810
-27678
-27666
27674
-27671
-27712
-27672
-27083
-27074
27077
-27062
-27185
-27065
27186
-3092
3097
-3028
-9922
-9968
9973
-25813
25815
25814
-25809
-25821
-26139
-27679
-26140
-26188
-27673
-26187
-26657
-27082
-26656
-27088
-27064
-27087
-27092
-27189
-27093
-27191
3024
3026
-76
-9969
10012
10014
-25857
-25708
25858
-25820
-25861
25863
26136
-25869
-25874
26181
-25876
26182
-26655
26658
-26650
-27086
-26652
-27098
-27091
27094
-5827
-27192
-5828
-3508
72
74
-10016
-10050
10055
25703
-25312
25704
-25862
-26110
-26094
-25868
-26095
-26083
-25875
-26084
-25896
-26662
-25897
26663
-26651
-26668
-26678
-27099
-26679
-27044
5821
5822
-5778
-3506
3510
-10051
10106
10108
25307
25308
-25304
26107
-25306
-26105
-26093
26097
26096
26078
26079
-24714
-25895
-24713
-25904
-26667
-25906
-26690
-26677
26681
26680
27041
-26687
-5704
-5777
-5703
-10110
-10132
10137
-25315
25317
25316
-25305
-25323
-25387
-26106
-25388
-26882
-26102
26880
-24698
24707
-24697
24709
-25905
25914
-24647
-26691
-24648
26717
-26686
-26720
-5669
5699
-5668
-10133
10200
10202
-25362
-25364
25366
-25322
-25369
25371
-25386
-25376
-25381
-26883
-25383
-24486
-24696
-24485
-24691
-25917
-24692
-24564
-24646
-24562
24649
-26721
-24655
-5568
-5667
-5567
-10204
-10214
10219
-25365
-24232
-25446
-25370
-25445
-25428
-25377
25413
25412
-25382
-25418
-23008
24479
-23007
24480
-24693
-24688
-24671
-24565
-24670
-24660
-24654
-24658
-5545
5563
-5544
-10215
10294
10296
-24231
24233
-24226
25441
-24228
-25439
-25427
25430
25429
-25417
-25435
-23013
-23006
-23011
23014
24684
-23020
-24682
-24669
24673
24672
-24659
-24678
-5432
-5543
-5431
-10297
-7147
10301
-24236
-10467
24237
-24227
-24242
-24268
-25440
-24269
-25510
-25436
25507
-24360
-23012
-24359
24369
-23019
-24372
24374
-24683
-24380
-25989
-24679
25986
-5421
5427
-5420
-7145
7149
10464
-7164
-7663
-24241
-7665
-24274
-24267
24270
-24262
-25511
-24263
-24327
-24358
-24326
-24353
-24373
-24354
-24390
-24379
-24389
-24384
-25990
-24386
-5296
-5419
-5295
7159
7160
7658
-7623
7661
-24275
24298
24297
-24264
-24303
-23199
24320
-23198
24321
-24355
24446
-24420
-24391
24406
24405
-24385
-24411
-3561
3557
3556
-7622
-7651
-24306
-7652
24307
-24302
-24309
24310
-23197
-24313
-23212
-24448
-23213
24449
-24419
24424
24421
-24410
-24425
-1573
1569
1568
1510
-1506
23259
-1508
-23222
23225
-23221
-23155
23151
23150
-23125
23129
-23124
-1484
1482
1480
-1369
1373
-1368
-9883
9888
-25800
-25739
-25741
-27664
-27662
27665
-27670
-27073
-27071
-27067
-27068
-26538
3094
-3031
-9884
9921
9923
-25801
-25797
-25811
-25740
25808
-25776
-27663
-25778
-26192
-27669
-26191
-26615
-27072
-26614
27081
27061
27063
-27058
-26539
-27060
27188
3027
3029
-79
-9925
-9965
9970
-25798
-25711
-25855
-25812
25819
25818
-25777
-25825
-25878
26185
-25879
26186
-26613
-26618
-26653
-27084
-26654
27085
-27059
-27089
-5831
-27190
-5832
-3505
75
77
-9966
10015
10017
25706
-25224
25707
-25856
-25852
-25841
-25824
-25842
25867
25872
-25870
25873
-26619
-25893
-26647
26649
-26646
-26636
-27090
-26638
-27046
5825
5826
-5776
-3503
3507
-10019
-10047
10052
-25222
25311
-25230
-25853
-25231
-26092
-25843
-26090
-26086
-25871
26082
-24718
-25892
-24716
25894
-26648
-25900
26666
-26637
-26670
-26674
27043
-26676
-5707
-5775
-5706
-10048
10109
10111
-25314
-25281
-25288
-25229
-25287
-25301
-26091
-25303
-26103
-26087
26101
-24533
24711
-24532
24712
-25899
-25902
-24635
-26671
-24636
-26688
-26675
26685
-5666
5702
-5665
-10113
-10129
10134
-25282
25361
-25359
-25289
25321
25320
-25302
-25327
-25384
-26104
-25385
-24490
-24531
-24489
-24694
-25903
-24695
-24569
-24634
-24568
-24643
-26689
-24645
-5571
-5664
-5570
-10130
10203
10205
-25363
-24203
-25354
-25360
-25355
-25343
-25326
-25344
25375
25380
-25378
-23004
24483
-23003
24484
24690
-24689
-24560
24561
-24558
24563
-24644
24653
-5542
5566
-5541
-10207
-10211
10216
-24202
-24206
-24229
-25356
-24230
-25426
-25345
-25424
-25420
-25379
25416
-23010
-23002
23005
-22972
24687
-22975
-24668
-24559
-24666
-24662
-24656
24657
-5435
-5540
-5434
-10212
-7144
10298
-24207
-10469
-24223
24225
-24222
-24217
-25425
-24219
-25437
-25421
25434
-22961
-23009
-22959
-22965
-22973
-22966
23018
-24667
-23025
-24680
-24663
24677
-5418
5430
-5417
-7142
7146
10466
-7167
-7667
-24224
-7668
24240
-24218
-24245
-24265
-25438
-24266
-24330
-22960
-24329
-24356
-22968
-24357
-23038
-23024
-23039
24378
-24681
-24382
-5299
-5416
-5298
7162
7163
7662
-7620
7664
-24246
-24254
-24259
24261
-24258
-23194
24324
-23195
24325
24352
-24350
-24340
-23040
-24341
-24387
-24381
24383
-5293
5294
-5292
-7619
7621
-24255
-7626
-24304
-24260
24301
-23201
-23193
23196
-23176
-24351
-23178
-24417
-24342
-24416
-24413
-24388
24409
-3564
3560
3559
-7625
-7649
-24305
-7650
-23206
-23202
-23207
-23210
-23177
-23209
23211
-24418
-23215
-23220
-24414
-23219
-1576
1572
1571
1507
-1503
-23217
-1505
-23158
23154
23153
-23122
23126
-23121
-1487
1485
1483
-1366
1370
-1365
-9880
9885
-25799
-25784
25738
25737
-25745
-26194
-26195
-26611
-26610
-27069
27066
-26543
26537
-26535
3032
-82
-9881
9924
9926
25796
-25714
-25793
-25785
-25794
-25780
-25743
25775
-25772
26189
-25774
26190
-26609
26612
-26604
-27070
-26606
-27056
-26542
-27055
-5835
-26536
-5836
-3502
78
80
-9928
-9962
9967
25709
-25220
25710
-25795
-25854
-25838
-25781
25823
25822
-25773
-25828
25877
-26616
-25882
26617
-26605
-26622
-26632
-27057
-26633
-27048
5829
5830
-5774
-3500
3504
-9963
10018
10020
-25219
25223
25221
25851
-25226
-25849
-25837
25840
25839
-25827
-25845
-24720
-25881
-24722
-25889
-26621
-25891
-26644
-26631
26635
26634
27045
-26641
-5710
-5773
-5709
-10022
-10044
10049
25313
-25276
-25291
-25225
25228
25227
-25850
-25235
-26088
-25846
26085
-24529
24715
-24528
24717
-25890
25898
-24631
-26645
-24632
26669
-26640
-26672
-5663
5705
-5662
-10045
10112
10114
-25275
-25278
25280
25285
-25283
25286
-25234
-25294
-25298
-26089
-25300
-24494
-24527
-24492
24530
-25901
-24536
-24573
-24630
-24571
24633
-26673
-24639
-5574
-5661
-5573
-10116
-10126
10131
-25279
-24200
-25358
-25284
-25357
-25340
-25295
25325
25324
-25299
-25330
-22985
24487
-22984
24488
-24535
-24540
-24546
24566
-24545
24567
-24638
-24641
-5539
5569
-5538
-10127
10206
10208
-24199
24201
-24194
25353
-24196
-25351
-25339
25342
25341
-25329
-25347
-23001
-22983
-22999
-22977
-24539
-22978
-24557
-24544
-24555
-24550
-24642
-24551
-5438
-5537
-5437
-10209
-7141
10213
-24204
-10471
24205
-24195
-24210
-24214
-25352
-24215
-25422
-25348
25419
-22952
-23000
-22951
-22970
22971
-22969
22974
-24556
-23027
-24664
-24552
24661
-5415
5433
-5414
-7139
7143
10468
-7170
-7671
-24209
-7673
-24220
-24213
24216
-21581
-25423
-21583
-22957
-22950
-22955
22958
22964
-22962
22967
23021
23023
23022
-24665
-23032
-5302
-5413
-5301
7165
7166
7666
-7583
7669
-24221
24244
24243
-21582
-24249
-23186
-22956
-23187
24328
-22963
-24333
-24337
-23035
23037
23036
-23031
-23042
-5291
5297
-5290
-7582
-7616
-24252
-7618
24253
-24248
-24256
-23192
-23185
-23190
-23180
-24332
-23181
-24348
-24336
24339
24338
-23043
-24344
-5166
-5289
-5165
-7617
7624
-24257
-7629
-23204
-23191
23200
-23173
23175
-23172
-23168
-24349
-23170
-24415
-24345
24412
-3567
3563
3562
-7628
-7647
-23203
-7648
23205
-23174
-23208
-23119
-23169
-23120
23214
23218
-23216
-1579
1575
1574
1504
-1500
23157
-1502
23156
-23116
23123
-1491
1488
1486
-1363
1367
-1362
9882
-25717
-25788
25783
-25782
25744
25742
-25748
-24766
-24768
-26607
-26608
-27054
26541
-5839
-5838
-3499
83
9927
9929
25712
-25172
25713
-25787
-25791
-25765
25779
-25764
-25770
-25747
-25769
-24760
-24769
-24762
-26601
26603
-26600
-26590
-27053
-26592
-27050
5833
5834
-5772
-3497
3501
-9931
-9959
9964
-25171
-25181
-25216
-25792
-25218
-25836
-25766
-25834
-25830
-25771
25826
-24724
-24761
-24725
25880
-26602
-25885
26620
-26591
-26624
-26628
27047
-26630
-5713
-5771
-5712
-9960
10021
10023
-25182
-25195
-25201
-25217
-25199
-25211
-25835
-25213
-25847
-25831
25844
-24517
24719
-24516
24721
-25884
-25887
-24619
-26625
-24620
-26642
-26629
26639
-5660
5708
-5659
-10025
-10041
10046
-25194
25274
-25271
-25200
-25273
25290
-25212
25233
25232
-25848
-25238
-24498
-24515
-24497
-24524
-25888
-24526
-24577
-24618
-24576
-24627
-26643
-24629
-5577
-5658
-5576
-10042
10115
10117
-25277
-24171
-25266
-25272
-25267
-25255
-25292
-25256
25293
-25237
-25296
-22989
24491
-22988
24493
-24525
24534
-22822
24570
-22824
24572
-24628
24637
-5536
5572
-5535
-10119
-10123
10128
-24170
-24174
-24197
-25268
-24198
-25338
-25257
-25336
-25332
-25297
25328
-22998
22981
22982
-22979
-24537
-22980
24538
-22823
-24541
24543
-24640
-24548
-5441
-5534
-5440
-10124
-7138
10210
-24175
-10473
-24191
24193
-24190
-24185
-25337
-24187
-25349
-25333
25346
-22883
-22997
-22882
-22890
22976
-22889
-22901
-24542
-22903
-24553
-24547
24549
-5412
5436
-5411
-7136
7140
10470
-7173
-7675
-24192
-7677
24208
-24186
-24211
-21585
-25350
-21586
-22954
-22881
22949
-22946
-22888
-22948
-22912
-22902
-22913
23026
-24554
-23029
-5305
-5410
-5304
7168
7169
7670
-7580
7672
-24212
-21573
-21578
21580
-21577
-21541
-22953
-21542
-22941
-22947
-22942
-22930
-22914
-22931
-23033
-23028
23030
-5288
5300
-5287
-7579
7581
-21574
-7586
-24250
-21579
24247
-23189
-21543
23184
-23182
-22943
-23183
24331
-22932
-24334
-23045
-23034
23041
-5169
-5286
-5168
-7585
-7613
-24251
-7615
-23101
-23188
-23099
-23089
23179
-23088
-23076
-24335
-23077
-24346
-23046
24343
-5163
5164
-5162
-7614
7627
-23100
-7632
-23105
-23087
-23104
-23171
-23075
23167
-23164
-24347
-23166
-3570
3566
3565
-7631
-7645
-23106
-7646
-23115
23118
-23114
23117
-23165
-23161
-1582
1578
1577
1501
-1497
23159
-1499
-1494
1490
1489
-1360
1364
-1359
25716
25786
-25757
-25756
-25751
25746
-24764
-24763
24767
-26576
-26586
-26587
-27052
5840
-5770
3498
9930
9932
25170
25169
-25790
-25175
-25761
-25755
-25760
25763
-25750
-25767
-24730
24759
-24729
-24756
-26575
-24758
-26598
-26585
26589
26588
27049
-26595
-5716
-5769
-5715
-9934
-9956
9961
-25178
25180
25179
-25174
-25185
-25214
-25762
-25215
-25832
-25768
25829
-24513
24723
-24512
24726
-24757
25883
-24615
-26599
-24616
26623
-26594
-26626
-5657
5711
-5656
-9957
10024
10026
-25189
-25191
25193
-25184
-25196
25198
25210
-25203
-25207
-25833
-25209
-24502
-24511
-24500
24514
-25886
-24520
-24581
-24614
-24579
24617
-26627
-24623
-5580
-5655
-5579
-10028
-10038
10043
-25192
-24163
-25270
-25197
-25269
-25251
-25204
-25252
-25240
-25208
25236
-22992
24495
-22991
24496
-24519
-24522
-22819
24574
-22820
24575
-24622
-24625
-5533
5575
-5532
-10039
10118
10120
-24162
24169
-24166
25265
-24168
-25263
-25250
25254
25253
-25241
-25259
-22996
22986
22987
-22753
-24523
-22754
-22760
-22818
-22758
22821
-24626
-22827
-5444
-5531
-5443
-10121
-7135
10125
-24172
-10475
24173
-24167
-24178
-24182
-25264
-24183
-25334
-25260
25331
-22874
-22995
-22873
-22893
-22752
-22892
-22897
-22761
-22898
-22830
-22826
-22831
-5409
5439
-5408
-7133
7137
10472
-7176
-7679
-24177
-7681
-24188
-24181
24184
-21588
-25335
-21589
-22879
-22872
-22877
22880
22886
-22884
22887
-22896
22900
22899
-22832
-22906
-5308
-5407
-5307
7171
7172
7674
-7543
7676
-24189
-21571
-21552
21584
-21551
-21479
-22878
-21480
-22945
-22885
-22944
-22927
-22909
22911
22910
-22905
-22916
-5285
5303
-5284
-7542
-7576
-21570
-7578
21572
-21550
-21575
-21545
-21477
21540
-21537
22940
-21538
-22938
-22926
22929
22928
-22917
-22934
-5172
-5283
-5171
-7577
7584
-21576
-7589
-23097
-21546
-23096
-23092
-21539
-23091
-23079
-22939
-23080
-23048
-22935
23044
-5161
5167
-5160
-7588
-7610
-23095
-7612
23098
23085
23086
-23083
23073
23074
-23070
-23049
-23072
-5036
-5159
-5035
-7611
7630
-23102
-7635
23103
-23084
-23109
-23163
-23071
-23162
-3573
3569
3568
-7634
-7643
-23108
-7644
-23112
23160
-23113
-1585
1581
1580
1498
-1495
1493
1492
-1357
1361
-1356
-25759
25754
-25752
25749
-24734
-24733
-24751
-24752
26574
-26578
-26582
-26584
-5719
-5718
9933
9935
-24140
-25176
25173
-24016
-25758
-24018
-23974
-25753
-23975
-23964
24727
-23963
24728
-24750
-24754
-24603
-26579
-24604
-26596
-26583
26593
-5654
5714
-5653
-9937
-9953
9958
-24141
25188
-25186
-25177
25183
-24027
-24017
-24029
-24022
-23976
-24023
-24505
-23962
-24504
-24508
-24755
-24510
-24585
-24602
-24584
-24611
-26597
-24613
-5583
-5652
-5582
-9954
10027
10029
-25190
-24157
-24051
-25187
-24052
-24044
-24028
-24045
25202
-24021
-25205
-22703
24499
-22702
24501
-24509
24518
-22807
24578
-22808
24580
-24612
24621
-5530
5578
-5529
-10031
-10035
10040
-24156
-24159
24161
-24053
-24165
-25249
-24046
-25247
-25243
-25206
25239
-22994
-22701
22990
-22709
-24521
-22710
-22765
-22806
-22764
-22815
-24624
-22817
-5447
-5528
-5446
-10036
-7132
10122
-24160
-10477
-21603
-24164
-21602
-21596
-25248
-21598
-25261
-25244
25258
-22745
-22993
-22744
-22750
-22708
-22748
22751
22757
-22755
22759
-22816
22825
-5406
5442
-5405
-7130
7134
10474
-7179
-7683
-21604
-7685
24176
-21597
-24179
-21591
-25262
-21592
-22876
-22743
22871
-22868
-22749
-22870
22891
-22756
-22894
-22834
-22828
22829
-5311
-5404
-5310
7174
7175
7678
-7540
7680
-24180
-21566
-21556
21587
-21555
-21474
-22875
-21475
-22863
-22869
-22864
-22852
-22895
-22853
-22907
-22835
22904
-5282
5306
-5281
-7539
7541
-21565
-7546
-21568
21548
21549
-21547
-21473
21478
21476
-22865
-21484
-22925
-22854
-22923
-22919
-22908
22915
-5175
-5280
-5174
-7545
-7573
-21569
-7575
-21530
21544
-21529
-21535
-21483
-21534
-21513
-22924
-21514
-22936
-22920
22933
-5158
5170
-5157
-7574
7587
-21531
-7592
-23093
-21536
23090
-23082
-21515
23078
-23052
-22937
23047
-5039
-5156
-5038
-7591
-7607
-23094
-7609
-23063
-23081
-23062
-23068
-23051
-23067
-5033
5034
-5032
-7608
7633
-23064
-7638
23107
-23069
-23111
-3575
3572
3571
-7637
-7641
-23110
-7642
-1587
1584
1583
1496
-1355
1358
-1354
-23980
-23979
-23959
-23958
24732
24749
-24599
-24600
26577
-26580
-5651
-5650
9936
9938
24139
-24136
-24137
-24014
-24012
24015
23972
23973
-23970
-23957
23961
23960
-24753
-23967
-24589
-24598
-24587
24601
-26581
-24607
-5586
-5649
-5585
-9940
-9950
9955
-24143
-24151
-24057
-24138
-24056
-24032
-24013
24026
-24024
-24019
24020
-22693
-23971
-22694
24503
-23966
-24506
-22803
24582
-22804
24583
-24606
-24609
-5527
5581
-5526
-9951
10030
10032
-24150
24155
-24153
24049
24050
-24047
-24031
24043
-24040
-24025
-24041
-22699
-22692
-22697
22700
-24507
-22705
-22769
-22802
-22767
22805
-24610
-22811
-5450
-5525
-5449
-10033
-7129
10037
-24158
-10479
-21606
-24154
-21607
-21428
-24048
-21429
-25245
-24042
25242
-22736
-22698
-22735
-22730
-22704
22707
22706
22762
-22714
22763
-22810
-22813
-5403
5445
-5402
-7127
7131
10476
-7182
-7687
21601
-7689
-21599
-21427
21595
-21593
-25246
-21594
-22741
-22734
-22739
22742
-22729
-22746
-22724
-22713
-22725
-22718
-22814
-22719
-5314
-5401
-5313
7177
7178
7682
-7503
7684
-21600
-21563
-21559
21590
-21558
-21450
-22740
-21451
-22867
-22747
-22866
-22848
-22726
-22849
-22837
-22720
22833
-5279
5309
-5278
-7502
-7536
-21562
-7538
21564
21553
21554
-21472
-21449
-21470
-21049
22862
-21051
-22860
-22847
22851
22850
-22838
-22856
-5178
-5277
-5177
-7537
7544
-21567
-7549
-21527
-21471
-21526
-21522
-21050
21482
21481
-22861
-21488
-22921
-22857
22918
-5155
5173
-5154
-7548
-7570
-21525
-7572
21528
-21521
-21532
-21517
-21486
21512
-21509
-22922
-21510
-5042
-5153
-5041
-7571
7590
-21533
-7595
-23060
-21518
-23059
-23055
-21511
23050
-5031
5037
-5030
-7594
-7604
-23058
-7606
23061
-23054
-23065
-3578
-5029
-3577
-7605
7636
-23066
-7640
-1590
3574
-1589
-7639
-1353
1586
-1352
-1351
-23951
-23949
-23954
-23956
-24592
-24591
-24595
-24597
-5589
-5588
9939
9941
24142
-24060
-24059
-22571
-22569
-22527
-22528
-22522
-23950
-22521
-23968
-23955
23965
-22791
24586
-22792
24588
-24596
24605
-5524
5584
-5523
-9943
-9947
9952
-24145
-24147
24149
24054
24055
-24035
-22570
24030
-22575
-22529
-22574
-22696
-22520
22691
-22688
-23969
-22690
-22773
-22790
-22772
-22799
-24608
-22801
-5453
-5522
-5452
-9948
-7126
10034
-24148
-10481
-21610
-24152
-21609
-21415
-24034
-21414
-24038
-22577
-24037
-22679
-22695
-22677
-22683
-22689
-22684
-22626
22766
-22628
22768
-22800
22809
-5400
5448
-5399
-7124
7128
10478
-7185
-7691
21605
-7693
-21432
-21413
21426
-21423
-24039
-21425
-22738
-22678
22733
-22731
-22685
22728
-22727
-22627
22712
22711
-22812
-22716
-5317
-5398
-5316
7180
7181
7686
-7500
7688
-21431
-21436
-21442
-21424
-21441
-21446
-22737
-21447
-22661
-22732
-22662
-22651
22723
-22650
-22721
-22715
22717
-5276
5312
-5275
-7499
7501
-21435
-7506
-21560
-21440
21557
-21455
-21445
21448
-21053
-22663
-21055
-22846
-22652
-22844
-22840
-22722
22836
-5181
-5274
-5180
-7505
-7533
-21561
-7535
-21465
-21454
-21463
-21468
21047
21048
-21044
-22845
-21046
-22858
-22841
22855
-5152
5176
-5151
-7534
7547
-21464
-7552
-21523
-21469
21520
-21519
-21045
21487
21485
-22859
-21491
-5045
-5150
-5044
-7551
-7567
-21524
-7569
-21502
21516
-21501
-21507
-21490
-21506
-5028
5040
-5027
-7568
7593
-21503
-7598
-23056
-21508
23053
-3581
-5026
-3580
-7597
-7601
-23057
-7603
-1593
3576
-1592
-7602
-1350
1588
-1349
-1348
23948
-23952
-22787
-22788
24590
-24593
-5521
-5520
9942
9944
24144
-21618
-21617
-22567
-22565
22568
22526
-22523
22519
-22511
-23953
-22513
-22777
-22786
-22775
22789
-24594
-22795
-5456
-5519
-5455
-9945
-7123
9949
-24146
-10483
-21612
-21619
-21613
-21411
-22566
-21410
24033
-22572
22576
22573
-22524
-22581
-22687
-22512
-22686
-22623
22770
-22624
22771
-22794
-22797
-5397
5451
-5396
-7121
7125
10480
-7188
-7695
21608
-7697
-21400
-21409
-21397
21412
-24036
-21418
-22675
-22580
-22673
22676
22682
-22680
-22612
-22622
-22610
22625
-22798
-22631
-5320
-5395
-5319
7183
7184
7690
-7463
7692
-21399
21430
-21421
-21417
-21420
-21082
-22674
-21084
-22666
-22681
-22665
-22647
-22613
-22646
-22636
-22630
-22634
-5273
5315
-5272
-7462
-7496
-21433
-7498
21434
-21422
-21437
21439
-21083
-21443
-21058
22660
-21059
-22658
-22645
22649
22648
-22635
-22654
-5184
-5271
-5183
-7497
7504
-21438
-7509
-21461
-21444
21453
21452
21052
21054
-21037
-22659
-21038
-22842
-22655
22839
-5149
5179
-5148
-7508
-7530
-21460
-7532
21462
-21457
-21466
-21042
-21036
-21041
-21030
-22843
-21032
-5048
-5147
-5047
-7531
7550
-21467
-7555
-21499
-21043
-21498
-21494
-21031
21489
-5025
5043
-5024
-7554
-7564
-21497
-7566
21500
-21493
-21504
-3584
-5023
-3583
-7565
7596
-21505
-7600
-1596
3579
-1595
-7599
-1347
1591
-1346
-1345
-22780
-22779
-22783
-22785
-5459
-5458
-7120
9946
-10491
-21615
-21614
-21377
-21378
-22122
-22123
-22117
-22116
-22508
-22507
-22497
22774
-22499
22776
-22784
22793
-5394
5454
-5393
-7118
7122
-7191
10482
-7699
21611
-7701
-21403
-21376
-21402
-21406
-22124
-21408
-22672
-22118
22579
22578
-22509
-22585
-22616
-22498
-22615
-22619
-22796
-22621
-5323
-5392
-5322
7186
7187
7694
-7460
7696
21396
-21394
21398
-21407
21416
-21079
-22671
-21080
-22668
-22584
-22669
-22608
22609
-22606
22611
-22620
22629
-5270
5318
-5269
-7459
7461
-21395
-7466
-21102
-21419
-21101
-21087
-21078
21081
-21061
22664
-21063
-22644
-22607
-22642
-22638
-22632
22633
-5187
-5268
-5186
-7465
-7493
-21103
-7495
-21096
-21088
-21097
-21091
21056
21057
-21005
-22643
-21006
-22656
-22639
22653
-5146
5182
-5145
-7494
7507
-21098
-7512
-21458
-21092
21456
-21040
-21004
21035
-21033
-22657
-21034
-5051
-5144
-5050
-7511
-7527
-21459
-7529
-21022
-21039
-21021
-21027
21029
-21026
-5022
5046
-5021
-7528
7553
-21023
-7558
-21495
-21028
21492
-3587
-5020
-3586
-7557
-7561
-21496
-7563
-1599
3582
-1598
-7562
-1344
1594
-1343
-1342
22778
-22781
-5391
-5390
7119
-10488
-10485
10493
-10484
10490
-7705
-21386
21375
21374
-21381
-22119
22115
-22107
-22108
-22505
22496
22495
-22782
-22502
-5326
-5389
-5325
7189
7190
10486
10487
7698
-7423
7700
-21385
-21393
21401
-21380
-21404
-21071
-22120
-21072
-22670
-22109
22583
22582
-22506
-22589
22614
-22501
-22617
-5267
5321
-5266
-7422
-7456
-21392
-7458
-21105
-21405
-21106
-21077
-21070
-21075
-21065
22667
-21066
-22600
-22588
-22598
-22603
-22618
-22604
-5190
-5265
-5189
-7457
7464
21100
-7469
-21099
-21076
21086
21085
21060
21062
-21001
-22599
-21002
-22640
-22605
22637
-5143
5185
-5142
-7468
-7490
21095
-7492
-21093
-21089
21090
-20991
-21000
-20988
21003
-22641
-21009
-5054
-5141
-5053
-7491
7510
-21094
-7515
-21019
-20990
-21018
-21014
-21008
-21013
-5019
5049
-5018
-7514
-7524
-21017
-7526
21020
-21012
-21024
-3590
-5017
-3589
-7525
7556
-21025
-7560
-1602
3585
-1601
-7559
-1341
1597
-1340
-1339
-5329
-5328
7194
7193
10504
-7703
-7420
7704
21384
-21382
21379
-20915
-20916
-22104
-22103
-22093
-22094
-22503
22500
-5264
5324
-5263
-7419
7421
-21388
-7426
-21108
-21383
-21109
-21074
-20914
21069
-21067
-22105
-21068
-22596
-22095
22587
22586
-22504
-22592
-5193
-5262
-5192
-7425
-7453
21104
-7455
-20970
-21073
-20968
-20957
21064
-20956
-20939
-22595
-20940
22597
-22591
-22601
-5140
5188
-5139
-7454
7467
-20969
-7472
-20975
-20958
-20973
-20994
-20938
-20993
-20997
-22602
-20999
-5057
-5138
-5056
-7471
-7487
-20974
-7489
-20986
20987
-20984
20989
-20998
21007
-5016
5052
-5015
-7488
7513
-20985
-7518
-21015
-21010
21011
-3593
-5014
-3592
-7517
-7521
-21016
-7523
-1605
3588
-1604
-7522
-1338
1600
-1337
-1336
-7416
-7418
-21112
-21111
-20912
-20910
20913
-20919
-22101
22092
22091
-22097
-5196
-5195
-7417
7424
21107
-7429
-20966
-20911
-20965
-20961
-20918
-20960
-20934
-22102
-20935
-22593
-22098
22590
-5137
5191
-5136
-7428
-7450
-20964
-7452
20967
20954
20955
-20952
-20933
20937
20936
-22594
-20943
-5060
-5135
-5059
-7451
7470
-20971
-7475
20972
-20953
-20978
20992
-20942
-20995
-5013
5055
-5012
-7474
-7484
-20977
-7486
-20981
-20996
-20982
-3596
-5011
-3595
-7485
7516
-20983
-7520
-1608
3591
-1607
-7519
-1335
1603
-1334
-1333
-7413
-7415
-20899
-20897
-20903
-20904
20917
-20922
-22099
22096
-5134
-5133
-7414
7427
-20898
-7432
-20962
-20906
20959
-20927
-20921
-20925
-20930
-22100
-20932
-5063
-5132
-5062
-7431
-7447
-20963
-7449
-20950
-20926
-20949
-20945
-20931
20941
-5010
5058
-5009
-7448
7473
-20951
-7478
20976
-20946
-20980
-3599
-5008
-3598
-7477
-7481
-20979
-7483
-1611
3594
-1610
-7482
-1332
1606
-1331
-1330
-7410
-7412
20896
-20900
20905
20920
-20852
-20854
-5066
-5065
-7411
7430
-20901
-7435
-20882
-20923
-20880
20924
-20853
-20928
-5007
5061
-5006
-7434
-7444
-20881
-7446
-20947
-20929
20944
-3602
-5005
-3601
-7445
7476
-20948
-7480
-1614
3597
-1613
-7479
-1329
1609
-1328
-1327
-7407
-7409
-20884
-20885
-20856
20851
-5004
-5003
-7408
7433
20879
-7438
-20876
-20857
-20877
-3605
-5002
-3604
-7437
-7441
-20878
-7443
-1617
3600
-1616
-7442
-1326
1612
-1325
-1324
-7404
-7406
-20865
-3608
20855
-3607
-7405
7436
-7440
-1620
-20868
3603
-1619
-7439
-1323
1615
-1322
-1321
-7401
-20858
20862
20863
-1622
20859
20860
-7402
-1320
1618
-1319
20867
20866
-1318
7403
-1317
-20869
1623
-1316
-1315
29601
29602
29603
29604
29605
29606
29607
29608
29609
29610
29611
29612
29613
29614
29615
29616
29617
29618
29619
29620
29621
29622
29623
29624
29625
29626
29627
29628
29629
29630
29631
29632
29633
29634
29635
29636
29637
29638
29639
29640
29641
29642
29643
29644
29645
29646
29647
29648
29649
29650
29651
29652
29653
29654
29655
29656
29657
29658
29659
29660
29661
29662
29663
29664
29665
29666
29667
29668
29669
29670
29671
29672
29673
29674
29675
29676
29677
29678
29679
29680
29681
29682
29683
29684
29685
29686
29687
29688
29689
29690
29691
29692
29693
29694
29695
29696
29697
29698
29699
29700
29701
29702
29703
29704
29705
29706
29707
29708
29709
29710
29711
29712
29713
29714
29715
29716
29717
29718
29719
29720
29721
29722
29723
29724
29725
29726
29727
29728
29729
29730
29731
29732
29733
29734
29735
29736
29737
29738
29739
29740
29741
29742
29743
29744
29745
29746
29747
29748
29749
29750
29751
29752
29753
29754
29755
29756
29757
29758
29759
29760
29761
29762
29763
29764
29765
29766
29767
29768
29769
29770
29771
29772
29773
29774
29775
29776
29777
29778
29779
29780
29781
29782
29783
29784
29785
29786
29787
29788
29789
29790
29791
29792
29793
29794
29795
29796
29797
29798
29799
29800
29801
29802
29803
29804
29805
29806
29807
29808
29809
29810
29811
29812
29813
29814
29815
29816
29817
29818
29819
29820
29821
29822
29823
29824
29825
29826
29827
29828
29829
29830
29831
29832
29833
29834
29835
29836
29837
29838
29839
29840
29841
29842
29843
29844
29845
29846
29847
29848
29849
29850
29851
29852
29853
29854
29855
29856
29857
29858
29859
29860
29861
29862
29863
29864
29865
29866
29867
29868
29869
29870
29871
29872
29873
29874
29875
29876
29877
29878
29879
29880
29881
29882
29883
29884
29885
29886
29887
29888
29889
29890
29891
29892
29893
29894
29895
29896
29897
29898
29899
29900
29901
29902
29903
29904
29905
29906
29907
29908
29909
29910
29911
29912
29913
29914
29915
29916
29917
29918
29919
29920
30846
30847
30849
30851
30854
30855
30856
30858
30860
30861
30862
30863
30864
30866
30867
30869
30870
30871
30872
30873
30874
30875
30876
30877
30878
30879
30880
30881
30882
30883
30884
30885
30886
30887
30888
30889
30890
30891
30892
30893
30894
30895
30897
30899
30900
30901
30902
30903
30904
30906
30907
30909
30910
30911
30912
30913
30914
30915
30916
30918
30921
30923
30924
30925
30926
30927
30928
30929
30930
30931
30932
30933
30934
30935
30936
30937
30938
30939
30940
30941
30942
30943
30944
30945
30946
30947
30948
30949
30950
30951
30952
30953
30956
30958
30960
30961
30962
30965
30966
30967
30968
30970
30972
30973
30974
30975
30976
30977
30978
30979
30980
30981
30982
30983
30984
30985
30986
30987
30988
30989
30990
30991
30992
30993
30994
30995
30996
30997
30998
30999
31000
31001
31002
31003
31004
31005
31006
31007
31008
31009
31010
31011
31012
31013
31014
31015
31016
31017
31018
31019
31020
31021
31022
31023
31024
31026
31027
31029
31030
31031
31032
31033
31034
31035
31036
31038
31039
31041
31042
31043
31044
31046
31048
31049
31051
31053
31054
31055
31056
31057
31058
31059
31060
31061
31062
31063
31064
31065
31066
31067
31068
31069
31378
31379
31382
31383
31384
31385
31386
31387
31388
31389
31446
31447
31448
31449
31450
31451
31452
31453
31462
31464
31468
31469
31520
31521
31525
31672
31673
31674
31675
31676
31677
31687
31688
31692
31693
31706
31707
31708
31717
31718
31719
31720
31721
31722
31723
31724
31756
31757
31758
31759
31762
31763
31764
31765
31778
31779
31780
31781
31782
31783
31784
31789
31790
31791
31792
31793
31794
31795
31817
31818
31823
31824
31825
31826
31827
31828
31829
31830
31831
31832
31833
31834
31835
31836
31837
31838
31839
31840
31841
31842
31843
31844
31845
31846
31847
31848
31849
31850
31851
31852
31853
31854
31855
31856
31857
31858
31859
31860
31861
31862
31863
31864
31865
31866
31867
31868
31869
31870
31871
31872
31873
31874
31875
31876
31877
31878
31879
31880
31881
31882
31883
31884
31885
31886
31887
31888
31889
31890
31891
31892
31893
31894
31895
31896
31897
31898
31899
31900
31901
31902
31903
31904
31905
31906
31907
31908
31909
31910
31911
31912
31913
31914
31915
31916
31917
31918
31919
31920
31921
31922
31923
31924
31925
31926
31927
31928
31929
31930
31931
31932
31933
31934
31935
31936
31937
31938
31939
31940
31941
31942
31943
31944
31945
31946
31947
31948
31949
31950
31951
31952
31953
31954
31955
31956
31957
31958
31959
31960
31961
31962
31963
31964
31965
31966
31967
31968
31969
31970
31971
31972
31973
31974
31975
31976
31977
31978
31979
31980
31981
31982
31983
31984
31985
31986
31987
31988
31989
31990
31991
31992
31993
31994
31995
31996
31997
31998
31999
32000
32001
32002
32003
32004
32005
32006
32007
32008
32009
32010
32011
32012
32013
32014
32207
32208
32211
32212
32213
32214
32215
32216
32217
32218
32267
32268
32269
32270
32271
32272
32273
32274
32283
32284
32287
32288
32331
32332
32335
32707
32708
32709
32710
32711
32720
32721
32722
32723
32724
32725
32733
32748
32749
32750
32751
32752
32753
32754
32755
32756
32760
32761
32762
32763
32764
32765
32766
32770
32775
32776
32777
32778
32783
32784
32785
32786
32828
32829
32830
32838
32839
32840
32859
32863
32865
32866
32867
32868
32869
32870
32871
32872
32873
32874
32875
32876
32877
32878
32879
32880
32881
32882
32883
32884
32885
32886
32887
32888
32889
32890
32891
32892
32893
32894
32895
32896
32897
32898
32899
32900
32901
32902
32903
32904
32905
32906
32907
32908
32909
32910
32911
32912
32913
32914
32915
32916
32917
32918
32919
32920
32921
32922
32923
32924
32925
32926
32927
32928
32929
32930
32931
32932
32933
32934
32935
32936
32937
32938
32939
32940
32941
32942
32943
32944
32945
32946
32947
32948
32949
32950
32951
32952
32953
32954
32955
32956
32957
32958
32959
32960
32961
32962
32963
32964
32965
32966
32967
32968
33009
33010
33011
33012
33013
33014
33015
33016
33057
33058
33059
33060
33061
33062
33063
33064
33068
33069
33070
33071
33075
33076
33077
33078
33080
33081
33082
33083
33084
33085
33086
33087
33095
33096
33097
33098
33099
33103
33104
33105
33106
33111
33112
33113
33121
33122
81
-169
246
-1312
1621
-2931
3030
-3089
3166
-3225
3302
-3361
3426
-3494
3606
-4999
5064
-5129
5194
-5259
-5260
5327
-5386
5457
-5516
5587
-5646
5717
-5767
5837
-7115
7192
-7382
-7385
-7388
-7391
-7394
-7397
-7399
7702
-9670
-9673
-9676
-9679
-9682
-9685
-9688
-9691
-9860
-9863
-9866
-9869
-9872
-9875
-9877
-9878
10489
10492
-10500
-10502
-10534
-20295
-20298
-20839
-20844
-20847
-20849
20861
20864
20870
20871
20883
-20891
-20893
20902
-20908
21110
-21360
-21364
-21367
-21369
-21371
21387
21616
-21624
-22075
-22078
-22082
-22084
-22086
-22088
22106
-22112
22121
-22451
-22455
-22458
-22460
-22464
-22479
-22482
-22486
-22488
-22490
-22491
-22492
-22494
22510
-22515
-22516
-22517
22525
-22558
-22560
-22563
23524
-23922
-23926
-23929
-23931
-23935
-23938
-23943
-23946
23977
23978
-24005
-24007
-24009
-24010
24058
-24130
-24132
-24134
24731
-24739
-24747
24765
-25101
-25106
-25108
-25111
-25114
-25123
-25126
-25130
-25133
-25161
-25163
-25165
-25166
-25167
-25168
25715
-25724
-25726
-25729
-25735
25789
26193
-26430
-26433
-26437
-26452
-26454
-26456
-26460
-26465
-26531
-26534
26540
-26548
-26562
-26566
-26569
-26571
-26573
27051
27173
-27184
27480
-27635
-27639
-27641
-27643
-27645
-27651
-27655
-27658
-27660
-27661
28135
-28140
-28145
28179
28494
)


// ************************************************************************* //
