/*--------------------------------*- C++ -*----------------------------------*\
| =========                 |                                                 |
| \\      /  F ield         | OpenFOAM: The Open Source CFD Toolbox           |
|  \\    /   O peration     | Version:  2512                                  |
|   \\  /    A nd           | Website:  www.openfoam.com                      |
|    \\/     M anipulation  |                                                 |
\*---------------------------------------------------------------------------*/
FoamFile
{
    version     2.0;
    format      ascii;
    arch        "LSB;label=32;scalar=64";
    note        "nPoints:3258  nCells:2628  nFaces:8474  nInternalFaces:7284";
    class       labelList;
    location    "constant/polyMesh";
    object      neighbour;
}
// * * * * * * * * * * * * * * * * * * * * * * * * * * * * * * * * * * * * * //


7284
(
1
2
3
4
5
6
6
7
8
5
8
9
10
11
12
11
13
14
12
14
15
15
16
17
14
17
18
13
18
19
20
21
22
21
23
24
22
24
25
23
26
27
24
27
28
25
28
29
29
30
31
28
31
32
27
32
33
26
33
34
35
36
37
36
38
39
37
39
40
38
41
42
39
42
43
40
43
44
41
45
46
42
46
47
43
47
48
44
48
49
49
50
51
48
51
52
47
52
53
46
53
54
45
54
55
56
57
58
57
59
60
58
60
61
59
62
63
60
63
64
61
64
65
62
66
67
63
67
68
64
68
69
65
69
70
66
71
72
67
72
73
68
73
74
69
74
75
70
75
76
76
77
78
75
78
79
74
79
80
73
80
81
72
81
82
71
82
83
84
85
86
85
87
88
86
88
89
87
90
91
88
91
92
89
92
93
90
94
95
91
95
96
92
96
97
93
97
98
94
99
100
95
100
101
96
101
102
97
102
103
98
103
104
99
105
106
100
106
107
101
107
108
102
108
109
103
109
110
104
110
111
111
112
113
110
113
114
109
114
115
108
115
116
107
116
117
106
117
118
105
118
119
120
121
122
121
123
124
122
124
125
123
126
127
124
127
128
125
128
129
126
130
131
127
131
132
128
132
133
129
133
134
130
135
136
131
136
137
132
137
138
133
138
139
134
139
140
135
141
142
136
142
143
137
143
144
138
144
145
139
145
146
140
146
147
141
148
149
142
149
150
143
150
151
144
151
152
145
152
153
146
153
154
147
154
155
155
156
157
154
157
158
153
158
159
152
159
160
151
160
161
150
161
162
149
162
163
148
163
164
165
166
167
166
168
169
167
169
170
168
171
172
169
172
173
170
173
174
171
175
176
172
176
177
173
177
178
174
178
179
175
180
181
176
181
182
177
182
183
178
183
184
179
184
185
180
186
187
181
187
188
182
188
189
183
189
190
184
190
191
185
191
192
186
193
194
187
194
195
188
195
196
189
196
197
190
197
198
191
198
199
192
199
200
193
201
202
194
202
203
195
203
204
196
204
205
197
205
206
198
206
207
199
207
208
200
208
209
209
210
211
208
211
212
207
212
213
206
213
214
205
214
215
204
215
216
203
216
217
202
217
218
201
218
219
220
221
222
221
223
224
222
224
225
223
226
227
224
227
228
225
228
229
226
230
231
227
231
232
228
232
233
229
233
234
230
235
236
231
236
237
232
237
238
233
238
239
234
239
240
235
241
242
236
242
243
237
243
244
238
244
245
239
245
246
240
246
247
241
248
249
242
249
250
243
250
251
244
251
252
245
252
253
246
253
254
247
254
255
248
256
257
249
257
258
250
258
259
251
259
260
252
260
261
253
261
262
254
262
263
255
263
264
256
265
266
257
266
267
258
267
268
259
268
269
260
269
270
261
270
271
262
271
272
263
272
273
264
273
274
274
275
273
275
276
272
276
277
271
277
278
270
278
279
269
279
280
268
280
281
267
281
282
266
282
283
265
283
284
285
286
287
286
288
289
287
289
290
288
291
292
289
292
293
290
293
294
291
295
296
292
296
297
293
297
298
294
298
299
295
300
301
296
301
302
297
302
303
298
303
304
299
304
305
300
306
307
301
307
308
302
308
309
303
309
310
304
310
311
305
311
312
306
313
314
307
314
315
308
315
316
309
316
317
310
317
318
311
318
319
312
319
320
313
321
322
314
322
323
315
323
324
316
324
325
317
325
326
318
326
327
319
327
328
320
328
329
321
330
331
322
331
332
323
332
333
324
333
334
325
334
335
326
335
336
327
336
337
328
337
338
329
338
339
330
340
341
331
341
342
332
342
343
333
343
344
334
344
345
335
345
346
336
346
347
337
347
348
338
348
349
339
349
349
350
348
350
351
347
351
352
346
352
353
345
353
354
344
354
355
343
355
356
342
356
357
341
357
358
340
358
359
360
361
362
361
363
364
362
364
365
363
366
367
364
367
368
365
368
369
366
370
371
367
371
372
368
372
373
369
373
374
370
375
376
371
376
377
372
377
378
373
378
379
374
379
380
375
381
382
376
382
383
377
383
384
378
384
385
379
385
386
380
386
387
381
388
389
382
389
390
383
390
391
384
391
392
385
392
393
386
393
394
387
394
395
388
396
397
389
397
398
390
398
399
391
399
400
392
400
401
393
401
402
394
402
403
395
403
404
396
405
406
397
406
407
398
407
408
399
408
409
400
409
410
401
410
411
402
411
412
403
412
413
404
413
414
405
415
416
406
416
417
407
417
418
408
418
419
409
419
420
410
420
421
411
421
422
412
422
423
413
423
424
414
424
415
425
426
416
426
427
417
427
428
418
428
429
419
429
430
420
430
431
421
431
432
422
432
433
423
433
434
424
434
434
435
433
435
436
432
436
437
431
437
438
430
438
439
429
439
440
428
440
441
427
441
442
426
442
443
425
443
444
445
446
447
446
448
449
447
449
450
448
451
452
449
452
453
450
453
454
451
455
456
452
456
457
453
457
458
454
458
459
455
460
461
456
461
462
457
462
463
458
463
464
459
464
465
460
466
467
461
467
468
462
468
469
463
469
470
464
470
471
465
471
472
466
473
474
467
474
475
468
475
476
469
476
477
470
477
478
471
478
479
472
479
480
473
481
482
474
482
483
475
483
484
476
484
485
477
485
486
478
486
487
479
487
488
480
488
489
481
490
491
482
491
492
483
492
493
484
493
494
485
494
495
486
495
496
487
496
497
488
497
498
489
498
499
490
500
501
491
501
502
492
502
503
493
503
504
494
504
505
495
505
506
496
506
507
497
507
508
498
508
509
499
509
500
510
511
501
511
512
502
512
513
503
513
514
504
514
515
505
515
516
506
516
517
507
517
518
508
518
519
509
519
510
520
521
511
521
522
512
522
523
513
523
524
514
524
525
515
525
526
516
526
527
517
527
528
518
528
529
519
529
529
530
528
530
531
527
531
532
526
532
533
525
533
534
524
534
535
523
535
536
522
536
537
521
537
538
520
538
539
540
541
542
541
543
544
542
544
545
543
546
547
544
547
548
545
548
549
546
550
551
547
551
552
548
552
553
549
553
554
550
555
556
551
556
557
552
557
558
553
558
559
554
559
560
555
561
562
556
562
563
557
563
564
558
564
565
559
565
566
560
566
567
561
568
569
562
569
570
563
570
571
564
571
572
565
572
573
566
573
574
567
574
575
568
576
577
569
577
578
570
578
579
571
579
580
572
580
581
573
581
582
574
582
583
575
583
584
576
585
586
577
586
587
578
587
588
579
588
589
580
589
590
581
590
591
582
591
592
583
592
593
584
593
594
585
595
596
586
596
597
587
597
598
588
598
599
589
599
600
590
600
601
591
601
602
592
602
603
593
603
604
594
604
595
605
606
596
606
607
597
607
608
598
608
609
599
609
610
600
610
611
601
611
612
602
612
613
603
613
614
604
614
605
615
616
606
616
617
607
617
618
608
618
619
609
619
620
610
620
621
611
621
622
612
622
623
613
623
624
614
624
615
625
626
616
626
627
617
627
628
618
628
629
619
629
630
620
630
631
621
631
632
622
632
633
623
633
634
624
634
634
635
633
635
636
632
636
637
631
637
638
630
638
639
629
639
640
628
640
641
627
641
642
626
642
643
625
643
644
645
646
645
647
648
646
648
649
647
650
651
648
651
652
649
652
653
650
654
655
651
655
656
652
656
657
653
657
658
654
659
660
655
660
661
656
661
662
657
662
663
658
663
664
659
665
666
660
666
667
661
667
668
662
668
669
663
669
670
664
670
671
665
672
673
666
673
674
667
674
675
668
675
676
669
676
677
670
677
678
671
678
679
672
680
681
673
681
682
674
682
683
675
683
684
676
684
685
677
685
686
678
686
687
679
687
688
680
689
690
681
690
691
682
691
692
683
692
693
684
693
694
685
694
695
686
695
696
687
696
697
688
697
698
689
699
700
690
700
701
691
701
702
692
702
703
693
703
704
694
704
705
695
705
706
696
706
707
697
707
708
698
708
699
709
710
700
710
711
701
711
712
702
712
713
703
713
714
704
714
715
705
715
716
706
716
717
707
717
718
708
718
709
719
720
710
720
721
711
721
722
712
722
723
713
723
724
714
724
725
715
725
726
716
726
727
717
727
728
718
728
719
729
730
720
730
731
721
731
732
722
732
733
723
733
734
724
734
735
725
735
736
726
736
737
727
737
738
728
738
729
739
740
730
740
741
731
741
742
732
742
743
733
743
744
734
744
745
735
745
746
736
746
747
737
747
748
738
748
748
749
747
749
750
746
750
751
745
751
752
744
752
753
743
753
754
742
754
755
741
755
756
740
756
757
739
757
758
759
760
760
761
759
762
763
760
763
764
761
764
765
762
766
767
763
767
768
764
768
769
765
769
770
766
771
772
767
772
773
768
773
774
769
774
775
770
775
776
771
777
778
772
778
779
773
779
780
774
780
781
775
781
782
776
782
783
777
784
785
778
785
786
779
786
787
780
787
788
781
788
789
782
789
790
783
790
791
784
792
793
785
793
794
786
794
795
787
795
796
788
796
797
789
797
798
790
798
799
791
799
800
792
801
802
793
802
803
794
803
804
795
804
805
796
805
806
797
806
807
798
807
808
799
808
809
800
809
810
801
811
812
802
812
813
803
813
814
804
814
815
805
815
816
806
816
817
807
817
818
808
818
819
809
819
820
810
820
811
821
822
812
822
823
813
823
824
814
824
825
815
825
826
816
826
827
817
827
828
818
828
829
819
829
830
820
830
821
831
832
822
832
833
823
833
834
824
834
835
825
835
836
826
836
837
827
837
838
828
838
839
829
839
840
830
840
831
841
842
832
842
843
833
843
844
834
844
845
835
845
846
836
846
847
837
847
848
838
848
849
839
849
850
840
850
841
851
852
842
852
853
843
853
854
844
854
855
845
855
856
846
856
857
847
857
858
848
858
859
849
859
860
850
860
851
861
862
852
862
863
853
863
864
854
864
865
855
865
866
856
866
867
857
867
868
858
868
869
859
869
870
860
870
870
871
869
871
872
868
872
873
867
873
874
866
874
875
865
875
876
864
876
877
863
877
878
862
878
879
861
879
880
881
882
882
883
883
884
881
885
886
882
886
887
883
887
888
884
888
889
885
890
891
886
891
892
887
892
893
888
893
894
889
894
895
890
896
897
891
897
898
892
898
899
893
899
900
894
900
901
895
901
902
896
903
904
897
904
905
898
905
906
899
906
907
900
907
908
901
908
909
902
909
910
903
911
912
904
912
913
905
913
914
906
914
915
907
915
916
908
916
917
909
917
918
910
918
919
911
920
921
912
921
922
913
922
923
914
923
924
915
924
925
916
925
926
917
926
927
918
927
928
919
928
929
920
930
931
921
931
932
922
932
933
923
933
934
924
934
935
925
935
936
926
936
937
927
937
938
928
938
939
929
939
930
940
941
931
941
942
932
942
943
933
943
944
934
944
945
935
945
946
936
946
947
937
947
948
938
948
949
939
949
940
950
951
941
951
952
942
952
953
943
953
954
944
954
955
945
955
956
946
956
957
947
957
958
948
958
959
949
959
950
960
961
951
961
962
952
962
963
953
963
964
954
964
965
955
965
966
956
966
967
957
967
968
958
968
969
959
969
960
970
971
961
971
972
962
972
973
963
973
974
964
974
975
965
975
976
966
976
977
967
977
978
968
978
979
969
979
970
980
981
971
981
982
972
982
983
973
983
984
974
984
985
975
985
986
976
986
987
977
987
988
978
988
989
979
989
980
990
991
981
991
992
982
992
993
983
993
994
984
994
995
985
995
996
986
996
997
987
997
998
988
998
999
989
999
999
1000
998
1000
1001
997
1001
1002
996
1002
1003
995
1003
1004
994
1004
1005
993
1005
1006
992
1006
1007
991
1007
1008
990
1008
1009
1010
1011
1011
1012
1012
1013
1013
1014
1010
1015
1016
1011
1016
1017
1012
1017
1018
1013
1018
1019
1014
1019
1020
1015
1021
1022
1016
1022
1023
1017
1023
1024
1018
1024
1025
1019
1025
1026
1020
1026
1027
1021
1028
1029
1022
1029
1030
1023
1030
1031
1024
1031
1032
1025
1032
1033
1026
1033
1034
1027
1034
1035
1028
1036
1037
1029
1037
1038
1030
1038
1039
1031
1039
1040
1032
1040
1041
1033
1041
1042
1034
1042
1043
1035
1043
1044
1036
1045
1046
1037
1046
1047
1038
1047
1048
1039
1048
1049
1040
1049
1050
1041
1050
1051
1042
1051
1052
1043
1052
1053
1044
1053
1054
1045
1055
1056
1046
1056
1057
1047
1057
1058
1048
1058
1059
1049
1059
1060
1050
1060
1061
1051
1061
1062
1052
1062
1063
1053
1063
1064
1054
1064
1055
1065
1066
1056
1066
1067
1057
1067
1068
1058
1068
1069
1059
1069
1070
1060
1070
1071
1061
1071
1072
1062
1072
1073
1063
1073
1074
1064
1074
1065
1075
1076
1066
1076
1077
1067
1077
1078
1068
1078
1079
1069
1079
1080
1070
1080
1081
1071
1081
1082
1072
1082
1083
1073
1083
1084
1074
1084
1075
1085
1086
1076
1086
1087
1077
1087
1088
1078
1088
1089
1079
1089
1090
1080
1090
1091
1081
1091
1092
1082
1092
1093
1083
1093
1094
1084
1094
1085
1095
1096
1086
1096
1097
1087
1097
1098
1088
1098
1099
1089
1099
1100
1090
1100
1101
1091
1101
1102
1092
1102
1103
1093
1103
1104
1094
1104
1095
1105
1106
1096
1106
1107
1097
1107
1108
1098
1108
1109
1099
1109
1110
1100
1110
1111
1101
1111
1112
1102
1112
1113
1103
1113
1114
1104
1114
1105
1115
1116
1106
1116
1117
1107
1117
1118
1108
1118
1119
1109
1119
1120
1110
1120
1121
1111
1121
1122
1112
1122
1123
1113
1123
1124
1114
1124
1115
1125
1126
1116
1126
1127
1117
1127
1128
1118
1128
1129
1119
1129
1130
1120
1130
1131
1121
1131
1132
1122
1132
1133
1123
1133
1134
1124
1134
1134
1135
1133
1135
1136
1132
1136
1137
1131
1137
1138
1130
1138
1139
1129
1139
1140
1128
1140
1141
1127
1141
1142
1126
1142
1143
1125
1143
1144
1145
1145
1146
1146
1147
1147
1148
1148
1149
1144
1150
1151
1145
1151
1152
1146
1152
1153
1147
1153
1154
1148
1154
1155
1149
1155
1156
1150
1157
1158
1151
1158
1159
1152
1159
1160
1153
1160
1161
1154
1161
1162
1155
1162
1163
1156
1163
1164
1157
1165
1166
1158
1166
1167
1159
1167
1168
1160
1168
1169
1161
1169
1170
1162
1170
1171
1163
1171
1172
1164
1172
1173
1165
1174
1175
1166
1175
1176
1167
1176
1177
1168
1177
1178
1169
1178
1179
1170
1179
1180
1171
1180
1181
1172
1181
1182
1173
1182
1183
1174
1184
1185
1175
1185
1186
1176
1186
1187
1177
1187
1188
1178
1188
1189
1179
1189
1190
1180
1190
1191
1181
1191
1192
1182
1192
1193
1183
1193
1184
1194
1195
1185
1195
1196
1186
1196
1197
1187
1197
1198
1188
1198
1199
1189
1199
1200
1190
1200
1201
1191
1201
1202
1192
1202
1203
1193
1203
1194
1204
1205
1195
1205
1206
1196
1206
1207
1197
1207
1208
1198
1208
1209
1199
1209
1210
1200
1210
1211
1201
1211
1212
1202
1212
1213
1203
1213
1204
1214
1215
1205
1215
1216
1206
1216
1217
1207
1217
1218
1208
1218
1219
1209
1219
1220
1210
1220
1221
1211
1221
1222
1212
1222
1223
1213
1223
1214
1224
1225
1215
1225
1226
1216
1226
1227
1217
1227
1228
1218
1228
1229
1219
1229
1230
1220
1230
1231
1221
1231
1232
1222
1232
1233
1223
1233
1224
1234
1235
1225
1235
1236
1226
1236
1237
1227
1237
1238
1228
1238
1239
1229
1239
1240
1230
1240
1241
1231
1241
1242
1232
1242
1243
1233
1243
1234
1244
1245
1235
1245
1246
1236
1246
1247
1237
1247
1248
1238
1248
1249
1239
1249
1250
1240
1250
1251
1241
1251
1252
1242
1252
1253
1243
1253
1244
1254
1255
1245
1255
1256
1246
1256
1257
1247
1257
1258
1248
1258
1259
1249
1259
1260
1250
1260
1261
1251
1261
1262
1252
1262
1263
1253
1263
1254
1264
1255
1264
1265
1256
1265
1266
1257
1266
1267
1258
1267
1268
1259
1268
1269
1260
1269
1270
1261
1270
1271
1262
1271
1272
1263
1272
1272
1273
1271
1273
1274
1270
1274
1275
1269
1275
1276
1268
1276
1277
1267
1277
1278
1266
1278
1279
1265
1279
1280
1264
1280
1281
1282
1282
1283
1283
1284
1284
1285
1285
1286
1286
1287
1281
1288
1289
1282
1289
1290
1283
1290
1291
1284
1291
1292
1285
1292
1293
1286
1293
1294
1287
1294
1295
1288
1296
1297
1289
1297
1298
1290
1298
1299
1291
1299
1300
1292
1300
1301
1293
1301
1302
1294
1302
1303
1295
1303
1304
1296
1305
1306
1297
1306
1307
1298
1307
1308
1299
1308
1309
1300
1309
1310
1301
1310
1311
1302
1311
1312
1303
1312
1313
1304
1313
1314
1305
1315
1316
1306
1316
1317
1307
1317
1318
1308
1318
1319
1309
1319
1320
1310
1320
1321
1311
1321
1322
1312
1322
1323
1313
1323
1324
1314
1324
1315
1325
1326
1316
1326
1327
1317
1327
1328
1318
1328
1329
1319
1329
1330
1320
1330
1331
1321
1331
1332
1322
1332
1333
1323
1333
1334
1324
1334
1325
1335
1336
1326
1336
1337
1327
1337
1338
1328
1338
1339
1329
1339
1340
1330
1340
1341
1331
1341
1342
1332
1342
1343
1333
1343
1344
1334
1344
1335
1345
1346
1336
1346
1347
1337
1347
1348
1338
1348
1349
1339
1349
1350
1340
1350
1351
1341
1351
1352
1342
1352
1353
1343
1353
1354
1344
1354
1345
1355
1356
1346
1356
1357
1347
1357
1358
1348
1358
1359
1349
1359
1360
1350
1360
1361
1351
1361
1362
1352
1362
1363
1353
1363
1364
1354
1364
1355
1365
1366
1356
1366
1367
1357
1367
1368
1358
1368
1369
1359
1369
1370
1360
1370
1371
1361
1371
1372
1362
1372
1373
1363
1373
1374
1364
1374
1365
1375
1376
1366
1376
1377
1367
1377
1378
1368
1378
1379
1369
1379
1380
1370
1380
1381
1371
1381
1382
1372
1382
1383
1373
1383
1384
1374
1384
1375
1385
1386
1376
1386
1387
1377
1387
1388
1378
1388
1389
1379
1389
1390
1380
1390
1391
1381
1391
1392
1382
1392
1393
1383
1393
1394
1384
1394
1385
1395
1386
1395
1396
1387
1396
1397
1388
1397
1398
1389
1398
1399
1390
1399
1400
1391
1400
1401
1392
1401
1402
1393
1402
1403
1394
1403
1395
1404
1396
1404
1405
1397
1405
1406
1398
1406
1407
1399
1407
1408
1400
1408
1409
1401
1409
1410
1402
1410
1411
1403
1411
1411
1412
1410
1412
1413
1409
1413
1414
1408
1414
1415
1407
1415
1416
1406
1416
1417
1405
1417
1418
1404
1418
1419
1420
1420
1421
1421
1422
1422
1423
1423
1424
1424
1425
1425
1426
1419
1427
1428
1420
1428
1429
1421
1429
1430
1422
1430
1431
1423
1431
1432
1424
1432
1433
1425
1433
1434
1426
1434
1435
1427
1436
1437
1428
1437
1438
1429
1438
1439
1430
1439
1440
1431
1440
1441
1432
1441
1442
1433
1442
1443
1434
1443
1444
1435
1444
1445
1436
1446
1447
1437
1447
1448
1438
1448
1449
1439
1449
1450
1440
1450
1451
1441
1451
1452
1442
1452
1453
1443
1453
1454
1444
1454
1455
1445
1455
1446
1456
1457
1447
1457
1458
1448
1458
1459
1449
1459
1460
1450
1460
1461
1451
1461
1462
1452
1462
1463
1453
1463
1464
1454
1464
1465
1455
1465
1456
1466
1467
1457
1467
1468
1458
1468
1469
1459
1469
1470
1460
1470
1471
1461
1471
1472
1462
1472
1473
1463
1473
1474
1464
1474
1475
1465
1475
1466
1476
1477
1467
1477
1478
1468
1478
1479
1469
1479
1480
1470
1480
1481
1471
1481
1482
1472
1482
1483
1473
1483
1484
1474
1484
1485
1475
1485
1476
1486
1487
1477
1487
1488
1478
1488
1489
1479
1489
1490
1480
1490
1491
1481
1491
1492
1482
1492
1493
1483
1493
1494
1484
1494
1495
1485
1495
1486
1496
1497
1487
1497
1498
1488
1498
1499
1489
1499
1500
1490
1500
1501
1491
1501
1502
1492
1502
1503
1493
1503
1504
1494
1504
1505
1495
1505
1496
1506
1507
1497
1507
1508
1498
1508
1509
1499
1509
1510
1500
1510
1511
1501
1511
1512
1502
1512
1513
1503
1513
1514
1504
1514
1515
1505
1515
1506
1516
1517
1507
1517
1518
1508
1518
1519
1509
1519
1520
1510
1520
1521
1511
1521
1522
1512
1522
1523
1513
1523
1524
1514
1524
1525
1515
1525
1516
1526
1517
1526
1527
1518
1527
1528
1519
1528
1529
1520
1529
1530
1521
1530
1531
1522
1531
1532
1523
1532
1533
1524
1533
1534
1525
1534
1526
1535
1527
1535
1536
1528
1536
1537
1529
1537
1538
1530
1538
1539
1531
1539
1540
1532
1540
1541
1533
1541
1542
1534
1542
1535
1543
1536
1543
1544
1537
1544
1545
1538
1545
1546
1539
1546
1547
1540
1547
1548
1541
1548
1549
1542
1549
1549
1550
1548
1550
1551
1547
1551
1552
1546
1552
1553
1545
1553
1554
1544
1554
1555
1543
1555
1556
1557
1557
1558
1558
1559
1559
1560
1560
1561
1561
1562
1562
1563
1563
1564
1556
1565
1566
1557
1566
1567
1558
1567
1568
1559
1568
1569
1560
1569
1570
1561
1570
1571
1562
1571
1572
1563
1572
1573
1564
1573
1574
1565
1575
1576
1566
1576
1577
1567
1577
1578
1568
1578
1579
1569
1579
1580
1570
1580
1581
1571
1581
1582
1572
1582
1583
1573
1583
1584
1574
1584
1575
1585
1586
1576
1586
1587
1577
1587
1588
1578
1588
1589
1579
1589
1590
1580
1590
1591
1581
1591
1592
1582
1592
1593
1583
1593
1594
1584
1594
1585
1595
1596
1586
1596
1597
1587
1597
1598
1588
1598
1599
1589
1599
1600
1590
1600
1601
1591
1601
1602
1592
1602
1603
1593
1603
1604
1594
1604
1595
1605
1606
1596
1606
1607
1597
1607
1608
1598
1608
1609
1599
1609
1610
1600
1610
1611
1601
1611
1612
1602
1612
1613
1603
1613
1614
1604
1614
1605
1615
1616
1606
1616
1617
1607
1617
1618
1608
1618
1619
1609
1619
1620
1610
1620
1621
1611
1621
1622
1612
1622
1623
1613
1623
1624
1614
1624
1615
1625
1626
1616
1626
1627
1617
1627
1628
1618
1628
1629
1619
1629
1630
1620
1630
1631
1621
1631
1632
1622
1632
1633
1623
1633
1634
1624
1634
1625
1635
1636
1626
1636
1637
1627
1637
1638
1628
1638
1639
1629
1639
1640
1630
1640
1641
1631
1641
1642
1632
1642
1643
1633
1643
1644
1634
1644
1635
1645
1646
1636
1646
1647
1637
1647
1648
1638
1648
1649
1639
1649
1650
1640
1650
1651
1641
1651
1652
1642
1652
1653
1643
1653
1654
1644
1654
1645
1655
1646
1655
1656
1647
1656
1657
1648
1657
1658
1649
1658
1659
1650
1659
1660
1651
1660
1661
1652
1661
1662
1653
1662
1663
1654
1663
1655
1664
1656
1664
1665
1657
1665
1666
1658
1666
1667
1659
1667
1668
1660
1668
1669
1661
1669
1670
1662
1670
1671
1663
1671
1664
1672
1665
1672
1673
1666
1673
1674
1667
1674
1675
1668
1675
1676
1669
1676
1677
1670
1677
1678
1671
1678
1672
1679
1673
1679
1680
1674
1680
1681
1675
1681
1682
1676
1682
1683
1677
1683
1684
1678
1684
1684
1685
1683
1685
1686
1682
1686
1687
1681
1687
1688
1680
1688
1689
1679
1689
1690
1691
1691
1692
1692
1693
1693
1694
1694
1695
1695
1696
1696
1697
1697
1698
1698
1699
1690
1700
1701
1691
1701
1702
1692
1702
1703
1693
1703
1704
1694
1704
1705
1695
1705
1706
1696
1706
1707
1697
1707
1708
1698
1708
1709
1699
1709
1700
1710
1711
1701
1711
1712
1702
1712
1713
1703
1713
1714
1704
1714
1715
1705
1715
1716
1706
1716
1717
1707
1717
1718
1708
1718
1719
1709
1719
1710
1720
1721
1711
1721
1722
1712
1722
1723
1713
1723
1724
1714
1724
1725
1715
1725
1726
1716
1726
1727
1717
1727
1728
1718
1728
1729
1719
1729
1720
1730
1731
1721
1731
1732
1722
1732
1733
1723
1733
1734
1724
1734
1735
1725
1735
1736
1726
1736
1737
1727
1737
1738
1728
1738
1739
1729
1739
1730
1740
1741
1731
1741
1742
1732
1742
1743
1733
1743
1744
1734
1744
1745
1735
1745
1746
1736
1746
1747
1737
1747
1748
1738
1748
1749
1739
1749
1740
1750
1751
1741
1751
1752
1742
1752
1753
1743
1753
1754
1744
1754
1755
1745
1755
1756
1746
1756
1757
1747
1757
1758
1748
1758
1759
1749
1759
1750
1760
1761
1751
1761
1762
1752
1762
1763
1753
1763
1764
1754
1764
1765
1755
1765
1766
1756
1766
1767
1757
1767
1768
1758
1768
1769
1759
1769
1760
1770
1771
1761
1771
1772
1762
1772
1773
1763
1773
1774
1764
1774
1775
1765
1775
1776
1766
1776
1777
1767
1777
1778
1768
1778
1779
1769
1779
1770
1780
1771
1780
1781
1772
1781
1782
1773
1782
1783
1774
1783
1784
1775
1784
1785
1776
1785
1786
1777
1786
1787
1778
1787
1788
1779
1788
1780
1789
1781
1789
1790
1782
1790
1791
1783
1791
1792
1784
1792
1793
1785
1793
1794
1786
1794
1795
1787
1795
1796
1788
1796
1789
1797
1790
1797
1798
1791
1798
1799
1792
1799
1800
1793
1800
1801
1794
1801
1802
1795
1802
1803
1796
1803
1797
1804
1798
1804
1805
1799
1805
1806
1800
1806
1807
1801
1807
1808
1802
1808
1809
1803
1809
1804
1810
1805
1810
1811
1806
1811
1812
1807
1812
1813
1808
1813
1814
1809
1814
1814
1815
1813
1815
1816
1812
1816
1817
1811
1817
1818
1810
1818
1819
1819
1820
1820
1821
1821
1822
1822
1823
1823
1824
1824
1825
1825
1826
1826
1827
1827
1828
1829
1819
1829
1830
1820
1830
1831
1821
1831
1832
1822
1832
1833
1823
1833
1834
1824
1834
1835
1825
1835
1836
1826
1836
1837
1827
1837
1828
1838
1839
1829
1839
1840
1830
1840
1841
1831
1841
1842
1832
1842
1843
1833
1843
1844
1834
1844
1845
1835
1845
1846
1836
1846
1847
1837
1847
1838
1848
1849
1839
1849
1850
1840
1850
1851
1841
1851
1852
1842
1852
1853
1843
1853
1854
1844
1854
1855
1845
1855
1856
1846
1856
1857
1847
1857
1848
1858
1859
1849
1859
1860
1850
1860
1861
1851
1861
1862
1852
1862
1863
1853
1863
1864
1854
1864
1865
1855
1865
1866
1856
1866
1867
1857
1867
1858
1868
1869
1859
1869
1870
1860
1870
1871
1861
1871
1872
1862
1872
1873
1863
1873
1874
1864
1874
1875
1865
1875
1876
1866
1876
1877
1867
1877
1868
1878
1879
1869
1879
1880
1870
1880
1881
1871
1881
1882
1872
1882
1883
1873
1883
1884
1874
1884
1885
1875
1885
1886
1876
1886
1887
1877
1887
1878
1888
1889
1879
1889
1890
1880
1890
1891
1881
1891
1892
1882
1892
1893
1883
1893
1894
1884
1894
1895
1885
1895
1896
1886
1896
1897
1887
1897
1888
1898
1889
1898
1899
1890
1899
1900
1891
1900
1901
1892
1901
1902
1893
1902
1903
1894
1903
1904
1895
1904
1905
1896
1905
1906
1897
1906
1898
1907
1899
1907
1908
1900
1908
1909
1901
1909
1910
1902
1910
1911
1903
1911
1912
1904
1912
1913
1905
1913
1914
1906
1914
1907
1915
1908
1915
1916
1909
1916
1917
1910
1917
1918
1911
1918
1919
1912
1919
1920
1913
1920
1921
1914
1921
1915
1922
1916
1922
1923
1917
1923
1924
1918
1924
1925
1919
1925
1926
1920
1926
1927
1921
1927
1922
1928
1923
1928
1929
1924
1929
1930
1925
1930
1931
1926
1931
1932
1927
1932
1928
1933
1929
1933
1934
1930
1934
1935
1931
1935
1936
1932
1936
1936
1937
1935
1937
1938
1934
1938
1939
1933
1939
1940
1940
1941
1941
1942
1942
1943
1943
1944
1944
1945
1945
1946
1946
1947
1947
1948
1949
1949
1950
1940
1950
1951
1941
1951
1952
1942
1952
1953
1943
1953
1954
1944
1954
1955
1945
1955
1956
1946
1956
1957
1947
1957
1948
1958
1959
1949
1959
1960
1950
1960
1961
1951
1961
1962
1952
1962
1963
1953
1963
1964
1954
1964
1965
1955
1965
1966
1956
1966
1967
1957
1967
1958
1968
1969
1959
1969
1970
1960
1970
1971
1961
1971
1972
1962
1972
1973
1963
1973
1974
1964
1974
1975
1965
1975
1976
1966
1976
1977
1967
1977
1968
1978
1979
1969
1979
1980
1970
1980
1981
1971
1981
1982
1972
1982
1983
1973
1983
1984
1974
1984
1985
1975
1985
1986
1976
1986
1987
1977
1987
1978
1988
1989
1979
1989
1990
1980
1990
1991
1981
1991
1992
1982
1992
1993
1983
1993
1994
1984
1994
1995
1985
1995
1996
1986
1996
1997
1987
1997
1988
1998
1999
1989
1999
2000
1990
2000
2001
1991
2001
2002
1992
2002
2003
1993
2003
2004
1994
2004
2005
1995
2005
2006
1996
2006
2007
1997
2007
1998
2008
1999
2008
2009
2000
2009
2010
2001
2010
2011
2002
2011
2012
2003
2012
2013
2004
2013
2014
2005
2014
2015
2006
2015
2016
2007
2016
2008
2017
2009
2017
2018
2010
2018
2019
2011
2019
2020
2012
2020
2021
2013
2021
2022
2014
2022
2023
2015
2023
2024
2016
2024
2017
2025
2018
2025
2026
2019
2026
2027
2020
2027
2028
2021
2028
2029
2022
2029
2030
2023
2030
2031
2024
2031
2025
2032
2026
2032
2033
2027
2033
2034
2028
2034
2035
2029
2035
2036
2030
2036
2037
2031
2037
2032
2038
2033
2038
2039
2034
2039
2040
2035
2040
2041
2036
2041
2042
2037
2042
2038
2043
2039
2043
2044
2040
2044
2045
2041
2045
2046
2042
2046
2043
2047
2044
2047
2048
2045
2048
2049
2046
2049
2049
2050
2048
2050
2051
2047
2051
2052
2052
2053
2053
2054
2054
2055
2055
2056
2056
2057
2057
2058
2058
2059
2060
2060
2061
2061
2062
2052
2062
2063
2053
2063
2064
2054
2064
2065
2055
2065
2066
2056
2066
2067
2057
2067
2068
2058
2068
2059
2069
2070
2060
2070
2071
2061
2071
2072
2062
2072
2073
2063
2073
2074
2064
2074
2075
2065
2075
2076
2066
2076
2077
2067
2077
2078
2068
2078
2069
2079
2080
2070
2080
2081
2071
2081
2082
2072
2082
2083
2073
2083
2084
2074
2084
2085
2075
2085
2086
2076
2086
2087
2077
2087
2088
2078
2088
2079
2089
2090
2080
2090
2091
2081
2091
2092
2082
2092
2093
2083
2093
2094
2084
2094
2095
2085
2095
2096
2086
2096
2097
2087
2097
2098
2088
2098
2089
2099
2100
2090
2100
2101
2091
2101
2102
2092
2102
2103
2093
2103
2104
2094
2104
2105
2095
2105
2106
2096
2106
2107
2097
2107
2108
2098
2108
2099
2109
2100
2109
2110
2101
2110
2111
2102
2111
2112
2103
2112
2113
2104
2113
2114
2105
2114
2115
2106
2115
2116
2107
2116
2117
2108
2117
2109
2118
2110
2118
2119
2111
2119
2120
2112
2120
2121
2113
2121
2122
2114
2122
2123
2115
2123
2124
2116
2124
2125
2117
2125
2118
2126
2119
2126
2127
2120
2127
2128
2121
2128
2129
2122
2129
2130
2123
2130
2131
2124
2131
2132
2125
2132
2126
2133
2127
2133
2134
2128
2134
2135
2129
2135
2136
2130
2136
2137
2131
2137
2138
2132
2138
2133
2139
2134
2139
2140
2135
2140
2141
2136
2141
2142
2137
2142
2143
2138
2143
2139
2144
2140
2144
2145
2141
2145
2146
2142
2146
2147
2143
2147
2144
2148
2145
2148
2149
2146
2149
2150
2147
2150
2148
2151
2149
2151
2152
2150
2152
2152
2153
2151
2153
2154
2154
2155
2155
2156
2156
2157
2157
2158
2158
2159
2159
2160
2161
2161
2162
2162
2163
2163
2164
2154
2164
2165
2155
2165
2166
2156
2166
2167
2157
2167
2168
2158
2168
2169
2159
2169
2160
2170
2171
2161
2171
2172
2162
2172
2173
2163
2173
2174
2164
2174
2175
2165
2175
2176
2166
2176
2177
2167
2177
2178
2168
2178
2179
2169
2179
2170
2180
2181
2171
2181
2182
2172
2182
2183
2173
2183
2184
2174
2184
2185
2175
2185
2186
2176
2186
2187
2177
2187
2188
2178
2188
2189
2179
2189
2180
2190
2191
2181
2191
2192
2182
2192
2193
2183
2193
2194
2184
2194
2195
2185
2195
2196
2186
2196
2197
2187
2197
2198
2188
2198
2199
2189
2199
2190
2200
2191
2200
2201
2192
2201
2202
2193
2202
2203
2194
2203
2204
2195
2204
2205
2196
2205
2206
2197
2206
2207
2198
2207
2208
2199
2208
2200
2209
2201
2209
2210
2202
2210
2211
2203
2211
2212
2204
2212
2213
2205
2213
2214
2206
2214
2215
2207
2215
2216
2208
2216
2209
2217
2210
2217
2218
2211
2218
2219
2212
2219
2220
2213
2220
2221
2214
2221
2222
2215
2222
2223
2216
2223
2217
2224
2218
2224
2225
2219
2225
2226
2220
2226
2227
2221
2227
2228
2222
2228
2229
2223
2229
2224
2230
2225
2230
2231
2226
2231
2232
2227
2232
2233
2228
2233
2234
2229
2234
2230
2235
2231
2235
2236
2232
2236
2237
2233
2237
2238
2234
2238
2235
2239
2236
2239
2240
2237
2240
2241
2238
2241
2239
2242
2240
2242
2243
2241
2243
2242
2244
2243
2244
2244
2245
2245
2246
2246
2247
2247
2248
2248
2249
2249
2250
2251
2251
2252
2252
2253
2253
2254
2254
2255
2245
2255
2256
2246
2256
2257
2247
2257
2258
2248
2258
2259
2249
2259
2250
2260
2261
2251
2261
2262
2252
2262
2263
2253
2263
2264
2254
2264
2265
2255
2265
2266
2256
2266
2267
2257
2267
2268
2258
2268
2269
2259
2269
2260
2270
2271
2261
2271
2272
2262
2272
2273
2263
2273
2274
2264
2274
2275
2265
2275
2276
2266
2276
2277
2267
2277
2278
2268
2278
2279
2269
2279
2270
2280
2271
2280
2281
2272
2281
2282
2273
2282
2283
2274
2283
2284
2275
2284
2285
2276
2285
2286
2277
2286
2287
2278
2287
2288
2279
2288
2280
2289
2281
2289
2290
2282
2290
2291
2283
2291
2292
2284
2292
2293
2285
2293
2294
2286
2294
2295
2287
2295
2296
2288
2296
2289
2297
2290
2297
2298
2291
2298
2299
2292
2299
2300
2293
2300
2301
2294
2301
2302
2295
2302
2303
2296
2303
2297
2304
2298
2304
2305
2299
2305
2306
2300
2306
2307
2301
2307
2308
2302
2308
2309
2303
2309
2304
2310
2305
2310
2311
2306
2311
2312
2307
2312
2313
2308
2313
2314
2309
2314
2310
2315
2311
2315
2316
2312
2316
2317
2313
2317
2318
2314
2318
2315
2319
2316
2319
2320
2317
2320
2321
2318
2321
2319
2322
2320
2322
2323
2321
2323
2322
2324
2323
2324
2324
2325
2325
2326
2326
2327
2327
2328
2328
2329
2330
2330
2331
2331
2332
2332
2333
2333
2334
2334
2335
2325
2335
2336
2326
2336
2337
2327
2337
2338
2328
2338
2329
2339
2340
2330
2340
2341
2331
2341
2342
2332
2342
2343
2333
2343
2344
2334
2344
2345
2335
2345
2346
2336
2346
2347
2337
2347
2348
2338
2348
2339
2349
2340
2349
2350
2341
2350
2351
2342
2351
2352
2343
2352
2353
2344
2353
2354
2345
2354
2355
2346
2355
2356
2347
2356
2357
2348
2357
2349
2358
2350
2358
2359
2351
2359
2360
2352
2360
2361
2353
2361
2362
2354
2362
2363
2355
2363
2364
2356
2364
2365
2357
2365
2358
2366
2359
2366
2367
2360
2367
2368
2361
2368
2369
2362
2369
2370
2363
2370
2371
2364
2371
2372
2365
2372
2366
2373
2367
2373
2374
2368
2374
2375
2369
2375
2376
2370
2376
2377
2371
2377
2378
2372
2378
2373
2379
2374
2379
2380
2375
2380
2381
2376
2381
2382
2377
2382
2383
2378
2383
2379
2384
2380
2384
2385
2381
2385
2386
2382
2386
2387
2383
2387
2384
2388
2385
2388
2389
2386
2389
2390
2387
2390
2388
2391
2389
2391
2392
2390
2392
2391
2393
2392
2393
2393
2394
2394
2395
2395
2396
2396
2397
2398
2399
2400
2400
2401
2401
2402
2402
2403
2403
2404
2404
2405
2394
2405
2406
2395
2406
2407
2396
2407
2397
2408
2408
2409
2410
2400
2410
2411
2401
2411
2412
2402
2412
2413
2403
2413
2414
2404
2414
2415
2405
2415
2416
2406
2416
2417
2407
2417
2408
2418
2410
2418
2419
2411
2419
2420
2412
2420
2421
2413
2421
2422
2414
2422
2423
2415
2423
2424
2416
2424
2425
2417
2425
2418
2426
2419
2426
2427
2420
2427
2428
2421
2428
2429
2422
2429
2430
2423
2430
2431
2424
2431
2432
2425
2432
2426
2433
2427
2433
2434
2428
2434
2435
2429
2435
2436
2430
2436
2437
2431
2437
2438
2432
2438
2433
2439
2434
2439
2440
2435
2440
2441
2436
2441
2442
2437
2442
2443
2438
2443
2439
2444
2440
2444
2445
2441
2445
2446
2442
2446
2447
2443
2447
2444
2448
2445
2448
2449
2446
2449
2450
2447
2450
2448
2451
2449
2451
2452
2450
2452
2451
2453
2452
2453
2453
2454
2454
2455
2455
2456
2399
2409
2457
2409
2458
2459
2460
2460
2461
2461
2462
2462
2463
2463
2464
2464
2465
2454
2465
2466
2455
2466
2456
2467
2457
2458
2459
2467
2468
2460
2468
2469
2461
2469
2470
2462
2470
2471
2463
2471
2472
2464
2472
2473
2465
2473
2474
2466
2474
2467
2475
2468
2475
2476
2469
2476
2477
2470
2477
2478
2471
2478
2479
2472
2479
2480
2473
2480
2481
2474
2481
2475
2482
2476
2482
2483
2477
2483
2484
2478
2484
2485
2479
2485
2486
2480
2486
2487
2481
2487
2482
2488
2483
2488
2489
2484
2489
2490
2485
2490
2491
2486
2491
2492
2487
2492
2488
2493
2489
2493
2494
2490
2494
2495
2491
2495
2496
2492
2496
2493
2497
2494
2497
2498
2495
2498
2499
2496
2499
2497
2500
2498
2500
2501
2499
2501
2500
2502
2501
2502
2502
2503
2503
2457
2504
2458
2459
2504
2505
2505
2506
2506
2507
2507
2508
2508
2509
2509
2510
2510
2511
2503
2511
2504
2512
2505
2512
2513
2506
2513
2514
2507
2514
2515
2508
2515
2516
2509
2516
2517
2510
2517
2518
2511
2518
2512
2519
2513
2519
2520
2514
2520
2521
2515
2521
2522
2516
2522
2523
2517
2523
2524
2518
2524
2519
2525
2520
2525
2526
2521
2526
2527
2522
2527
2528
2523
2528
2529
2524
2529
2525
2530
2526
2530
2531
2527
2531
2532
2528
2532
2533
2529
2533
2530
2534
2531
2534
2535
2532
2535
2536
2533
2536
2534
2537
2535
2537
2538
2536
2538
2537
2539
2538
2539
2539
2540
2540
2541
2541
2542
2542
2543
2543
2544
2544
2545
2545
2546
2546
2540
2547
2541
2547
2548
2542
2548
2549
2543
2549
2550
2544
2550
2551
2545
2551
2552
2546
2552
2547
2553
2548
2553
2554
2549
2554
2555
2550
2555
2556
2551
2556
2557
2552
2557
2553
2558
2554
2558
2559
2555
2559
2560
2556
2560
2561
2557
2561
2558
2562
2559
2562
2563
2560
2563
2564
2561
2564
2562
2565
2563
2565
2566
2564
2566
2565
2567
2566
2567
2567
2568
2568
2569
2569
2570
2570
2571
2571
2572
2572
2573
2573
2568
2574
2569
2574
2575
2570
2575
2576
2571
2576
2577
2572
2577
2578
2573
2578
2574
2579
2575
2579
2580
2576
2580
2581
2577
2581
2582
2578
2582
2579
2583
2580
2583
2584
2581
2584
2585
2582
2585
2583
2586
2584
2586
2587
2585
2587
2586
2588
2587
2588
2588
2589
2589
2590
2590
2591
2591
2592
2592
2593
2593
2589
2594
2590
2594
2595
2591
2595
2596
2592
2596
2597
2593
2597
2594
2598
2595
2598
2599
2596
2599
2600
2597
2600
2598
2601
2599
2601
2602
2600
2602
2601
2603
2602
2603
2603
2604
2604
2605
2605
2606
2606
2607
2607
2604
2608
2605
2608
2609
2606
2609
2610
2607
2610
2608
2611
2609
2611
2612
2610
2612
2611
2613
2612
2613
2613
2614
2614
2615
2616
2617
2616
2614
2618
2618
2619
2620
2616
2619
2618
2621
2619
2621
2621
2622
2617
2620
2623
2624
2620
2625
2622
2626
2624
2626
2623
2625
2626
2623
2627
2625
2625
2627
2627
)


// ************************************************************************* //
