/*--------------------------------*- C++ -*----------------------------------*\
| =========                 |                                                 |
| \\      /  F ield         | OpenFOAM: The Open Source CFD Toolbox           |
|  \\    /   O peration     | Version:  2512                                  |
|   \\  /    A nd           | Website:  www.openfoam.com                      |
|    \\/     M anipulation  |                                                 |
\*---------------------------------------------------------------------------*/
FoamFile
{
    version     2.0;
    format      ascii;
    arch        "LSB;label=32;scalar=64";
    class       labelList;
    location    "constant/polyMesh";
    object      cellProcAddressing;
}
// * * * * * * * * * * * * * * * * * * * * * * * * * * * * * * * * * * * * * //


2628
(
145
146
282
3339
147
283
3340
281
4099
3338
148
298
4104
284
4102
3341
280
4100
4578
3337
149
299
4157
297
4103
4105
285
4101
4598
3342
279
4081
4095
4579
3336
150
314
4158
300
4318
4156
296
4320
4599
4106
286
4084
4322
4597
3343
278
4082
4094
4352
4580
151
315
4187
313
4317
4159
301
4319
5316
4155
295
4085
4321
4600
4107
287
4083
4323
4351
4596
3344
277
2149
4089
4093
4565
152
330
4188
316
4316
4186
312
5330
5317
4160
302
4332
4348
5315
4154
294
4086
4328
4350
4601
4108
288
2152
4088
4324
4595
4603
276
2150
2758
4090
4564
153
331
4217
329
4315
4189
317
5329
5336
4185
311
4333
4347
5318
4161
303
4331
4329
4349
5314
4153
293
2153
4087
4327
4594
4602
4109
289
2151
2783
4325
4588
4584
275
2131
2145
2759
4563
154
346
4218
332
4314
4216
328
5331
5337
4190
318
4336
5328
5335
4184
310
4334
4346
5319
5321
4162
304
2184
4330
4344
5313
5323
4152
292
2154
2784
4326
4589
4593
5047
4110
290
2134
2156
2782
4587
4585
184
2132
2144
2760
2897
155
347
4247
345
4313
4219
333
5360
5338
4215
327
4337
5332
5334
4191
319
4335
5298
5327
5325
4183
309
2185
4341
4345
5320
5322
4163
305
2183
2789
4343
5290
5312
5048
4151
291
2135
2155
2785
4590
4592
5046
5044
4111
183
2133
2157
2781
2896
4586
607
2139
2143
2761
156
362
4248
348
4312
4246
344
5359
5490
4220
334
5343
5339
5474
4214
326
4338
5299
5333
5470
4192
320
2188
4340
5297
5326
5324
4182
308
2186
2790
4342
5293
5311
5454
4164
306
2166
2182
2788
5289
5291
5049
5452
4150
182
2136
2162
2786
2895
4591
5022
5045
5620
4112
606
2138
2158
2780
3696
1298
2140
2770
157
363
4277
361
4311
4249
349
5361
5489
4245
343
5344
5358
5475
4221
335
5342
5340
5473
5481
4213
325
2189
4339
5300
5471
5469
4193
321
2187
2815
5296
5306
5310
5455
4181
307
2167
2181
2791
5294
5292
5449
5453
4165
181
2165
2163
2787
2894
5288
5050
5451
5859
4149
605
2137
2161
2779
3699
5021
5019
5619
5623
4113
1297
2159
2771
3697
1317
2769
158
378
4278
364
4310
4276
360
5362
5491
4250
350
5347
5364
5488
4244
342
5345
5357
5476
5482
4222
336
2220
5341
5355
5472
5480
4212
324
2190
2816
5301
5307
5309
5468
4194
322
2170
2192
2814
5295
5305
5456
5458
4180
180
2168
2180
2792
2893
5287
5448
5450
5862
4166
604
2164
2178
2794
5065
5051
5283
5858
5860
4148
1296
2160
2778
3698
3700
5020
5018
5618
5624
4114
1318
2772
2774
1344
159
379
4307
377
4309
4279
365
5391
5503
4275
359
5348
5363
5492
4251
351
5346
5365
5487
5498
4243
341
2221
5352
5356
5477
5483
4223
337
2219
2821
5354
5410
5479
5534
4211
323
2171
2191
2817
5302
5308
5467
5459
4195
179
2169
2193
2813
2892
5304
5447
5457
5873
4179
603
2175
2179
2793
5066
5286
5284
5863
5861
4167
1295
2177
2795
5064
5052
5282
5591
5857
5879
4147
1319
2777
2775
4533
4537
4551
5593
5617
5625
4115
1343
2773
160
394
396
380
4308
4306
376
5392
5504
4280
366
5374
5390
5502
4274
358
5349
5370
5493
5497
4252
352
2224
5351
5366
5486
5484
4242
340
2222
2822
5353
5409
5478
5533
4224
338
2202
2218
2820
5411
5413
5535
5537
4210
178
2172
2198
2818
2891
5303
5466
5460
5872
4196
602
2174
2194
2812
5067
5444
5446
5864
5874
4178
1294
2176
2802
5063
5099
5285
5590
5856
5878
4168
1320
2796
2798
5053
5101
5281
5592
5880
5932
4146
1342
2776
4532
4538
4550
5594
5616
5628
5936
4116
1364
161
2251
393
395
397
381
5393
5517
4305
375
5375
5389
5505
4281
367
5373
5371
5501
5499
4273
357
2225
5350
5369
5494
5496
4253
353
2223
2847
5367
5408
5485
5532
4241
339
2203
2217
2823
5416
5414
5546
5538
4225
177
2201
2199
2819
2890
5412
5465
5536
10284
4209
601
2173
2197
2811
5070
5443
5461
5871
5875
4197
1293
2195
2803
5068
5098
5445
5589
5865
5877
4177
1321
2801
2799
5062
5100
5280
5855
5929
5933
4169
1341
2797
5054
5102
5136
5853
5881
5931
5935
4145
1365
4531
4529
4539
4549
5595
5615
5629
5949
4117
162
2250
2252
392
5394
5518
398
382
5378
5396
5516
4304
374
5376
5388
5506
5512
4282
368
2302
5372
5386
5500
5510
4272
356
2226
2848
5368
5407
5495
5531
4254
354
2206
2228
2846
5417
5419
5547
5549
4240
176
2204
2216
2824
2889
5415
5545
5539
10285
4226
600
2200
2214
2826
5071
5442
5464
10283
10281
4208
1292
2196
2810
5069
5097
5462
5588
5870
5876
4198
1322
2804
2806
5125
5127
5279
5866
5928
10267
4176
1340
2800
5061
5103
5137
5854
5884
5930
5934
4170
1366
5055
5057
5105
5135
5852
5882
10240
10244
4144
1388
4530
4540
4546
4743
5614
5644
5948
5950
4118
163
2249
2281
2253
391
5379
5395
5519
399
383
5377
5397
5515
5513
4303
373
2303
5383
5387
5507
5511
4283
369
2301
2853
5385
5406
5509
5530
4271
355
2207
2227
2849
5422
5420
5558
5550
4255
175
2205
2229
2845
2888
5418
5544
5548
10292
4239
599
2211
2215
2825
5074
5441
5540
10286
10288
4227
1291
2213
2827
5072
5096
5463
5587
10282
10280
4207
1323
2809
2807
5124
5128
5278
5869
5927
10268
4199
1339
2805
5118
5126
5140
5867
5889
10266
10272
4175
1367
5060
5058
5104
5138
5885
5883
10241
10243
4171
1387
5056
5106
5134
5663
5851
5645
10239
10245
4143
1411
4541
4545
4738
4744
4758
5643
6449
10247
4119
164
2248
2282
2280
2254
390
5380
5402
5520
5526
400
384
2306
5382
5398
5514
5524
4302
372
2304
2854
5384
5405
5508
5529
4284
370
2238
2300
2852
5423
5425
5559
5561
4270
174
2208
2234
2850
2887
5421
5557
5551
10293
4256
598
2210
2230
2844
5075
5440
5543
10291
10289
4238
1290
2212
2834
5073
5095
5541
5586
10287
10299
4228
1324
2828
2830
5161
5163
5277
5912
5926
10279
4206
1338
2808
5123
5129
5141
5868
5890
10269
10271
4200
1368
5117
5119
5131
5139
5886
5888
10265
10273
4174
1386
5059
5113
5133
5664
5850
5896
10242
10251
4172
1412
5107
5109
5660
5662
5646
5898
10238
10246
4142
1434
4542
4737
4745
4757
5642
6448
6450
4120
165
2247
2283
2321
2279
2255
389
2307
5381
5401
5521
5525
401
385
2305
2880
5399
5404
5523
5528
4301
371
2239
2299
2855
5428
5426
5570
5562
4285
173
2237
2235
2851
2886
5424
5556
5560
10347
4269
597
2209
2233
2843
5078
5439
5552
10294
10296
4257
1289
2231
2835
5076
5094
5542
5585
10290
10298
4237
1325
2833
2831
5160
5164
5276
5913
10300
10302
4229
1337
2829
5154
5162
5178
5911
5925
10278
10304
4205
1369
5122
5120
5130
5142
5891
5893
10270
10274
4201
1385
5116
5114
5132
5695
5887
5895
10264
10252
4173
1413
5112
5110
5659
5665
5849
5897
10237
10250
4141
1433
5108
5653
5661
5647
5899
10231
10248
6591
4121
1457
4736
4734
4746
4756
4959
6447
10399
6567
166
2246
2284
2320
2322
2278
2256
388
2308
2881
5400
5403
5522
5527
402
386
2242
2310
2879
5429
5431
5571
5573
4300
172
2240
2298
2856
2885
5427
5569
5563
10350
4286
596
2236
2296
2858
5079
5438
5555
10346
10348
4268
1288
2232
2842
5077
5093
5553
5584
10295
10297
4258
1326
2836
2838
5193
5195
5275
5916
10318
10320
4236
1336
2832
5159
5165
5179
5914
5924
10301
10303
4230
1370
5153
5155
5167
5177
5910
5908
10277
10275
4204
1384
5121
5149
5143
5696
5892
5894
10263
10410
4202
1414
5115
5145
5692
5694
5848
5902
10253
10408
4140
1432
5111
5658
5666
5678
5900
10236
10249
6590
4122
1458
5652
5654
5648
5676
10230
10232
10400
6568
1480
4735
4747
4753
4958
6446
10398
6566
167
2245
2285
2319
2323
2335
2277
2257
387
2243
2309
2882
5434
5432
5579
5574
403
171
2241
2311
2878
2884
5430
5568
5572
10355
4299
595
2293
2297
2857
5082
5437
5564
10351
10349
4287
1287
2295
2859
5080
5092
5554
5583
10345
10363
4267
1327
2841
2839
5192
5196
5274
5917
10323
10321
4259
1335
2837
5186
5194
5180
5915
10317
10319
10371
4235
1371
5158
5156
5166
5176
5921
5923
10305
10375
4231
1383
5152
5150
5168
5727
5909
5907
10276
10411
4203
1415
5148
5144
5691
5697
5847
5903
10262
10409
4139
1431
5146
5685
5693
5679
5901
10254
10407
6589
4123
1459
5657
5655
5667
5677
10235
10233
10401
6569
1479
5651
5649
5675
10101
10229
10397
6565
1503
4748
4752
4953
4957
10083
6541
168
2244
2286
2318
2324
2334
2336
2276
2258
170
2290
2876
2877
2883
5433
5578
5575
10356
404
594
2292
2312
5085
5083
5436
5567
10352
10354
4298
1286
2294
2866
5081
5091
5565
5582
10344
10362
4288
1328
2860
2862
5223
5225
5273
10328
10324
10364
4266
1334
2840
5191
5197
5209
5918
10316
10322
10370
4260
1372
5185
5187
5181
5207
5920
10312
10372
10376
4234
1382
5157
5173
5175
5728
5922
10306
10374
10418
4232
1416
5151
5169
5724
5726
5846
5906
10412
10414
4138
1430
5147
5690
5698
5710
5904
10261
10406
6588
4124
1460
5684
5686
5680
5708
10255
10257
10402
6570
1478
5656
5668
5674
10102
10234
10396
6564
1504
5650
5672
10098
10100
10228
6542
1526
4749
4952
4954
10084
6540
169
2289
2287
2317
2325
2333
2337
2349
2275
2259
593
2291
2875
5086
5088
5435
5576
10357
10359
405
1285
2313
2867
5084
5090
5566
5581
10353
10361
4297
1329
2865
2863
5222
5226
5272
10329
10343
10367
4289
1333
2861
5216
5224
5210
10327
10325
10365
10369
4265
1373
5190
5188
5198
5208
5919
10315
10441
10377
4261
1381
5184
5182
5206
5759
10313
10311
10373
10419
4233
1417
5172
5174
5723
5729
5845
10307
10417
10415
4137
1429
5170
5717
5725
5711
5905
10387
10413
6587
4125
1461
5689
5687
5699
5709
10260
10258
10405
6571
1477
5683
5681
5707
10121
10256
10403
6563
1505
5669
5673
10097
10103
10395
6543
1525
5671
10091
10099
10227
6539
1549
4951
4949
10085
6515
592
2288
2316
2326
2332
2338
2348
2350
2274
2260
1284
2314
2874
5087
5089
5577
5580
10358
10360
406
1330
2868
2870
5253
5255
5271
10332
10462
10466
4296
1332
2864
5221
5227
5239
10330
10342
10366
10368
4290
1374
5215
5217
5211
5237
10326
10340
10442
10444
4264
1380
5189
5199
5205
5760
10314
10440
10378
10432
4262
1418
5183
5203
5756
5758
5844
10310
10420
10430
4136
1428
5171
5722
5730
5742
10308
10388
10416
6586
4126
1462
5716
5718
5712
5740
10384
10386
10511
6572
1476
5688
5700
5706
10122
10259
10404
6562
1506
5682
5704
10118
10120
10394
6544
1524
5670
10096
10104
10226
6538
1550
10090
10092
10086
6516
1572
4950
6488
6514
591
2315
2327
2331
2339
2347
2351
2363
2273
2261
1283
2873
2871
5252
5256
5270
10333
10463
10465
407
1331
2869
5246
5254
5240
10331
10461
10455
10467
4295
1375
5220
5218
5228
5238
10337
10341
10453
10445
4291
1379
5214
5212
5236
5791
10339
10439
10443
10433
4263
1419
5200
5204
5755
5761
5843
10379
10427
10431
4135
1427
5202
5749
5757
5743
10309
10421
10429
6585
4127
1463
5721
5719
5731
5741
10383
10389
10510
6573
1475
5715
5713
5739
10143
10385
10512
6561
1507
5701
5705
10117
10123
10393
6545
1523
5703
10111
10119
10225
6537
1551
10095
10093
10105
6517
1571
10089
10087
6513
1259
6489
590
2328
2330
2340
2346
2352
2362
2364
2272
2262
1282
2872
5251
5257
5269
10334
10460
10464
10502
408
1376
5245
5247
5241
5267
10336
10456
10454
10468
4294
1378
5219
5229
5235
5792
10338
10452
10446
10486
4292
1420
5213
5233
5788
5790
5842
10438
10434
10484
4134
1426
5201
5754
5762
5774
10380
10426
10428
6584
4128
1464
5748
5750
5744
5772
10382
10422
10509
6574
1474
5720
5732
5738
10144
10390
10513
6560
1508
5714
5736
10140
10142
10392
6546
1522
5702
10116
10124
10224
6536
1552
10110
10112
10126
6518
1570
10094
10106
6512
1260
10088
6490
564
2426
589
2329
2341
2345
2353
2361
2365
2377
2271
2263
1281
5250
5248
5258
5268
10335
10459
10503
10501
409
1377
5244
5242
5266
5823
10457
10451
10469
10487
4293
1421
5230
5234
5787
5793
5841
10447
10481
10485
4133
1425
5232
5781
5789
5775
10437
10435
10483
6583
4129
1465
5753
5751
5763
5773
10381
10425
10508
6575
1473
5747
5745
5771
10165
10423
10514
6559
1509
5733
5737
10139
10145
10391
6547
1521
5735
10133
10141
10223
6535
1553
10115
10113
10125
6519
1569
10109
10127
6511
1261
10107
6491
565
2425
435
588
2342
2344
2354
2360
2366
2376
2378
2270
2264
1280
5249
5259
5265
5824
10458
10504
10470
10500
410
1422
5243
5263
5820
5822
5840
10450
10488
10498
4132
1424
5231
5786
5794
5806
10448
10480
10482
6582
4130
1466
5780
5782
5776
5804
10436
10478
10507
6576
1472
5752
5764
5770
10166
10424
10517
6558
1510
5746
5768
10162
10164
10515
6548
1520
5734
10138
10146
10222
6534
1554
10132
10134
10148
6520
1568
10114
10128
6510
1262
10108
6492
566
2424
434
587
2343
2355
2359
2367
2375
2379
2391
2269
2265
1279
5260
5264
5819
5825
5839
10471
10495
10499
411
1423
5262
5813
5821
5807
10449
10489
10497
6581
4131
1467
5785
5783
5795
5805
10475
10479
10506
6577
1471
5779
5777
5803
10187
10477
10518
6557
1511
5765
5769
10161
10167
10516
6549
1519
5767
10155
10163
10221
6533
1555
10137
10135
10147
6521
1567
10131
10149
6509
1263
10129
6493
567
2423
433
586
2356
2358
2368
2374
2380
2390
2392
2268
2266
1278
5261
5818
5826
5838
10472
10494
10496
6580
412
1468
5812
5814
5808
5836
10474
10490
10505
6578
1470
5784
5796
5802
10188
10476
10521
6556
1512
5778
5800
10184
10186
10519
6550
1518
5766
10160
10168
10220
6532
1556
10154
10156
10170
6522
1566
10136
10150
6508
1264
10130
6494
568
2422
432
585
2357
2369
2373
2381
2389
2393
2405
2267
413
1277
5817
5815
5827
5837
10473
10493
10527
6579
1469
5811
5809
5835
10209
10491
10522
6555
1513
5797
5801
10183
10189
10520
6551
1517
5799
10177
10185
10219
6531
1557
10159
10157
10169
6523
1565
10153
10171
6507
1265
10151
6495
569
2421
431
584
2370
2372
2382
2388
2394
2404
2406
414
1276
5816
5828
5834
10210
10492
10526
6554
1514
5810
5832
10206
10208
10523
6552
1516
5798
10182
10190
10218
6530
1558
10176
10178
10192
6524
1564
10158
10172
6506
1266
10152
6496
570
2420
430
583
2371
2383
2387
2395
2403
2407
415
1275
5829
5833
10205
10211
10524
6553
1515
5831
10199
10207
10217
6529
1559
10181
10179
10191
6525
1563
10175
10193
6505
1267
10173
6497
571
2419
429
582
2384
2386
2396
2402
2408
416
1274
5830
10204
10212
10525
6528
1560
10198
10200
10214
6526
1562
10180
10194
6504
1268
10174
6498
572
2418
428
581
2385
2397
2401
2409
417
1273
10203
10201
10213
6527
1561
10197
10215
6503
1269
10195
6499
573
2417
427
580
2398
2400
2410
418
1272
10202
10216
6502
1270
10196
6500
574
2416
426
579
2399
2411
419
1271
2413
6501
575
2415
425
578
2412
420
576
2414
424
577
421
423
422
)


// ************************************************************************* //
