/*--------------------------------*- C++ -*----------------------------------*\
| =========                 |                                                 |
| \\      /  F ield         | OpenFOAM: The Open Source CFD Toolbox           |
|  \\    /   O peration     | Version:  2512                                  |
|   \\  /    A nd           | Website:  www.openfoam.com                      |
|    \\/     M anipulation  |                                                 |
\*---------------------------------------------------------------------------*/
FoamFile
{
    version     2.0;
    format      ascii;
    arch        "LSB;label=32;scalar=64";
    class       labelList;
    location    "constant/polyMesh";
    object      faceProcAddressing;
}
// * * * * * * * * * * * * * * * * * * * * * * * * * * * * * * * * * * * * * //


8491
(
433
434
435
436
437
438
831
-828
832
9789
9790
-9786
439
440
441
834
833
835
9793
9792
9791
829
-825
830
12002
12001
12003
9787
9788
-9783
442
443
444
877
-874
878
12015
-12010
12014
837
836
838
12008
-12005
12009
9795
9796
9794
826
-822
827
12004
-11950
-11990
13355
-11993
13354
9784
9785
-9780
445
446
447
880
879
881
12169
12170
-12166
875
-871
876
12011
12012
12013
12017
12018
12016
840
839
841
12006
-11957
12007
13407
-12640
-13405
9798
9799
9797
823
-819
824
11948
11947
11949
11991
-11987
11992
13357
-12729
13356
9781
9782
448
449
450
923
-920
924
12172
12173
12171
883
882
884
-12623
12626
12627
12167
12168
-12163
872
-868
873
-12628
-11960
12632
13409
-12637
13408
12020
12021
12019
843
842
844
11956
-11953
11958
-12633
12638
12639
13406
-12726
-13402
9801
9802
9800
820
-816
821
11951
-6275
11952
11988
-11973
-11983
-12724
-11985
12728
13360
-13326
451
452
453
926
925
927
12257
12258
-12254
921
-917
922
-12620
12625
12624
12175
12176
12174
886
885
887
12631
12629
12630
15488
-12716
-15486
12164
12165
-12160
869
-865
870
11962
11959
11961
12635
12634
12636
13411
-12723
13410
12023
12024
12022
846
845
847
11954
-6282
11955
12642
-11970
12641
-12721
-12645
12725
13403
-13401
13404
9804
9805
817
-813
818
6273
6272
6274
-11969
-8066
11972
11984
-11975
11986
13328
-13323
454
455
456
969
-966
970
12260
12261
12259
929
928
930
-12617
12621
12622
12255
12256
-12251
918
-914
919
-15517
-12671
-12714
15490
-12711
15489
12178
12179
12177
889
888
890
12667
-12665
-12658
-12710
-12661
12715
15487
-12719
-15483
12161
12162
-12157
866
-862
867
11964
-6286
11963
12656
-11967
-12652
-12717
-12654
12722
13413
-13399
13412
12026
12027
12025
849
848
850
6280
-6277
6281
-11965
-8142
11971
12644
12643
12646
-13398
-13381
-13368
-13414
-13369
814
-810
815
6276
-6220
-6260
8065
-6262
8064
11976
-8070
11977
13324
-13321
457
458
459
972
971
973
12345
12346
-12342
967
-963
968
-12614
12618
12619
12263
12264
12262
932
931
933
15518
-12679
-15514
15532
-15516
-15531
12252
12253
-12248
915
-911
916
12669
12668
12670
12713
-12708
12712
15493
15491
15492
12181
12182
12180
892
891
893
12666
-6379
-12662
12660
12657
12659
12720
-12702
12718
15484
-15481
15485
12158
12159
-12154
863
-859
864
6284
6283
6285
11968
-8145
11966
12653
-12649
12655
13400
-13384
-13394
13416
-13395
13415
12029
12030
12028
852
851
853
6278
-6227
6279
8141
-6296
-8137
12647
-8140
12648
13380
-13378
-13372
13367
13366
811
-549
812
6218
6217
6219
6261
-6257
6263
8068
8067
8069
13322
-8475
460
461
462
1015
-1012
1016
12348
12349
12347
975
974
976
-12611
12616
12615
12343
12344
-12339
964
-960
965
15520
-12682
15519
15533
-15522
-15528
12266
12267
12265
935
934
936
12677
-12674
12678
15515
-15435
-15511
-15527
-15513
-15507
12249
12250
-12245
912
-908
913
12672
-6383
12673
12709
-12694
-12704
15495
-12707
15494
15499
-15496
15498
12184
12185
12183
895
894
896
6377
-6375
6378
12663
-8159
12664
12701
-12699
12703
15482
-15413
-15479
-15500
-15480
-14694
12155
12156
-12151
860
-856
861
6288
-6230
6287
8144
-6292
8143
12650
-8149
12651
13385
13382
13383
13397
-13391
13396
14692
-14690
-14684
12032
12033
12031
854
-546
855
6226
-6223
6228
-6289
6294
6295
8138
-8135
8139
13379
-8472
-13375
13373
13371
-545
550
6221
-1791
6222
6258
-6243
-6253
8072
-6255
8071
-8470
-8076
463
464
465
1018
1017
1019
12433
12434
-12430
1013
-1009
1014
-12608
12612
12613
12351
12352
12350
978
977
979
-15598
-15551
-15539
15536
15534
15535
12340
12341
-12336
961
-957
962
12683
12680
12681
15523
-15437
15521
15530
-15524
15529
12269
12270
12268
938
937
939
12675
-6390
12676
15434
-12692
-15430
15512
-15433
-15509
15508
15506
-15503
12246
12247
-12242
909
-905
910
6381
6380
6382
-12690
-8162
12693
12706
-12696
12705
15497
-15422
-15476
15501
-15477
15502
12187
12188
12186
898
897
899
6376
-6324
-6372
8158
-6374
-8154
-12695
-8157
12700
15412
-15409
15411
-15475
-15415
-14698
14696
14693
14695
12152
12153
-12148
857
-543
858
6232
6229
6231
6291
6290
6293
8147
8146
8148
13387
-8469
13386
13393
-13388
13392
14691
-14634
-14687
14685
14683
14686
12035
12036
12034
-542
547
6224
-1788
6225
6298
-6240
6297
8136
-6302
-8132
-8467
-8133
8471
13376
-10806
-1786
1790
-6239
-3776
6242
6254
-6245
6256
8075
8074
466
467
468
1061
-1058
1062
12436
12437
12435
1021
1020
1022
-12605
12609
12610
12431
12432
-12427
1010
-1006
1011
15599
-15555
-15594
-15946
-15597
-15911
12354
12355
12353
981
980
982
15550
-15548
-15542
15538
15537
15540
15906
-15904
15907
12337
12338
-12333
958
-954
959
12685
-6394
12684
15438
-12687
15436
15526
-15441
15525
15898
15897
-15895
12272
12273
12271
941
940
942
6388
-6385
6389
-12686
-8238
12691
15431
-15428
15432
15510
-15459
-15473
15505
-15472
15504
12243
12244
-12239
906
-902
907
6384
-6328
-6368
8161
-6370
8160
12698
-8166
12697
15421
15420
-15416
-15471
-15418
15478
15857
-15844
-15854
12190
12191
12189
900
-540
901
6323
-6321
-6314
-6367
-6317
6373
8155
-8151
8156
15410
-8466
-15407
15414
-15408
-14703
14699
14697
14700
15852
-15850
15853
12149
12150
-12145
-539
544
6234
-1785
6233
6312
-6237
-6308
8150
-6311
-8128
-8464
-8130
8468
13390
-10813
13389
14635
-14631
-14626
14688
-14627
14689
16271
-16267
16270
12038
12039
12037
-1783
1787
-6235
-3773
6241
6300
6299
6301
-8127
-8106
8134
10804
10803
-3771
3775
6246
-3832
6247
8102
-8100
469
470
471
1064
1063
1065
12521
12522
-12518
1059
-1055
1060
-12602
12606
12607
12439
12440
12438
1024
1023
1025
15600
-15562
15601
15947
-15611
-15943
12428
12429
-12424
1007
-1003
1008
15553
15552
15554
15595
-15592
15596
15910
15908
15909
12357
12358
12356
984
983
985
15549
-6487
-15545
15544
15541
15543
15905
-15587
-15900
15926
-15903
-15923
12334
12335
-12330
955
-951
956
6392
6391
6393
12689
-8241
12688
15442
15439
15440
15899
-15462
-15469
15896
-15468
-15893
12275
12276
12274
944
943
945
6386
-6335
6387
8237
-6404
-8233
15429
-8236
-15424
15458
-15427
-15454
-15466
-15456
15474
15860
15858
15859
12240
12241
-12236
903
-537
904
6326
6325
6327
6369
-6365
6371
8164
8163
8165
15423
-8463
-15405
15417
-15404
15419
15845
-15842
15843
15855
-15847
15856
12193
12194
12192
-536
541
6322
-1782
-6318
6316
6313
6315
8152
-6359
8153
-8461
-8175
8465
-15403
-14749
-14708
14704
14701
14702
-15846
-15391
15851
16970
-16967
16969
12146
12147
-12142
-1780
1784
6238
-3770
6236
6309
-6305
6310
8129
-8125
8131
10814
-10809
10812
14632
-10818
-14629
14628
14625
-14621
16268
-14624
-16264
16275
-16265
16274
12041
12042
12040
-3768
3772
6303
-3835
6304
8105
8103
8104
10807
-8113
3830
3831
8101
-3912
472
473
474
1107
-1104
1108
12524
12525
12523
1067
1066
1068
-12599
12603
12604
12519
12520
-12515
1056
-1052
1057
15603
-15565
15602
15949
-15607
15948
12442
12443
12441
1027
1026
1028
15561
-15558
15563
-15604
15609
15610
15944
-15941
15945
12425
12426
-12421
1004
-1000
1005
15556
-6491
15557
15593
-15578
-15588
15913
-15591
15912
15928
-15915
15927
12360
12361
12359
987
986
988
6485
-6483
6486
15546
-8255
15547
15585
-15583
15586
15901
-15742
15902
15924
-15921
15925
12331
12332
-12327
952
-948
953
6396
-6338
6395
8240
-6400
8239
15444
-8245
15443
15461
-15446
15460
15470
-15463
15467
15894
-15891
-15869
12278
12279
12277
946
-534
947
6334
-6331
6336
-6397
6402
6403
8234
-8231
8235
15425
-8460
15426
15455
-15452
15457
15862
-15840
15861
15866
-15863
15867
12237
12238
-12233
-533
538
6329
-1779
6330
6366
-6351
-6361
8168
-6363
8167
-8458
-8172
8462
15406
-14752
-15400
-15839
-15402
-15395
15848
-15396
15849
16977
16976
-16973
12196
12197
12195
-1777
1781
6319
-3767
6320
6358
-6356
6360
-8169
8174
8176
14748
-14747
-14710
14707
14705
14706
15390
-15388
15392
16968
-16190
-16964
16971
-16965
16972
12143
12144
-12139
-3765
3769
6306
-3838
6307
8126
-8123
-8116
10811
-8118
10810
10819
10816
10817
14630
-13241
-13283
14622
-13282
14623
16266
-16198
-16260
16277
-16261
16276
12044
12045
12043
3833
3834
8108
-3909
8107
8112
-8109
-3907
475
476
477
1110
1109
1111
-1154
12595
-12593
1105
-1101
1106
-12596
12600
12601
12527
12528
12526
1070
1069
1071
15687
-15639
-15684
15977
-15686
-15975
12516
12517
-12512
1053
-1049
1054
15567
15564
15566
15606
15605
15608
15952
15950
15951
12445
12446
12444
1030
1029
1031
15559
-6498
15560
15613
-15575
15612
15942
-15617
-15938
-15964
-15940
-15933
12422
12423
-12418
1001
-997
1002
6489
6488
6490
-15574
-8258
15577
15589
-15580
15590
15916
-15739
15914
15929
-15918
15930
12363
12364
12362
990
989
991
6484
-6432
-6480
8254
-6482
-8250
-15579
-8253
15584
-15736
15740
15741
-15917
-15750
15922
-16045
16048
16049
12328
12329
-12324
949
-531
950
6340
6337
6339
6399
6398
6401
8243
8242
8244
15447
-8457
15445
15464
-15449
15465
15892
-15890
-15873
15870
15868
15871
12281
12282
12280
-530
535
6332
-1776
6333
6406
-6348
6405
8232
-6410
-8228
-8455
-8229
8459
-15448
-14756
15453
15841
-15832
-15835
15864
-15836
15865
-17003
-16981
17006
12234
12235
-12230
-1774
1778
-6347
-3764
6350
6362
-6353
6364
8171
8170
8173
14750
-14745
14751
15401
-14855
-15398
15394
15393
15397
16978
-16188
-16961
16974
-16960
16975
12199
12200
12198
-3762
3766
-6352
-3841
6357
8179
8177
8178
-14744
-8187
-14715
14711
14709
14712
15389
-14863
-15385
-16186
-15386
16189
-16959
-16194
16966
-17018
17021
17022
12140
12141
-12136
3836
3837
8124
-3906
-8120
8117
8115
8119
13233
-13229
13232
13242
13239
13240
13284
-13279
13285
-16191
16196
16197
16263
-16258
16262
16280
16279
16281
12047
12048
12046
-3904
3908
8110
-3971
478
479
-481
-1144
1146
1153
-1147
1152
1113
1112
1114
-1149
12597
12598
-1157
12594
-12591
1102
-1098
1103
15688
-15643
-15680
15979
-15682
15978
12530
12531
12529
1073
1072
1074
15638
-15636
-15629
-15679
-15632
15685
15976
-15973
-15967
12513
12514
-12509
1050
-1046
1051
15569
-6502
15568
15627
-15572
-15623
15954
-15626
15953
15965
-15956
-15961
12448
12449
12447
1033
1032
1034
6496
-6493
6497
-15570
-8334
15576
15615
15614
15616
15939
-15735
-15935
15932
15931
15934
12419
12420
-12415
998
-994
999
6492
-6436
-6476
8257
-6478
8256
15581
-8262
15582
-15732
15738
15737
15919
-15753
15920
-16042
16047
16046
12366
12367
12365
992
-528
993
6431
-6429
-6422
-6475
-6425
6481
8251
-8247
8252
15744
-8454
15743
15748
-15745
15749
16051
-15888
16050
16055
-16052
16056
12325
12326
-12321
-527
532
6342
-1773
6341
6420
-6345
-6416
8246
-6419
-8224
-8452
-8226
8456
15450
-14764
15451
-15887
-15830
-15878
15874
15872
15875
17005
-17001
17004
12284
12285
12283
-1771
1775
-6343
-3761
6349
6408
6407
6409
-8223
-8202
8230
14754
14753
14755
-15828
-14853
15831
15837
-15833
15838
16980
-16184
16979
17007
-16984
17008
12231
12232
-12227
-3759
3763
6354
-3844
6355
8198
-8196
-8189
14746
-8192
-14740
-14850
-14741
14854
15399
-14860
-15382
-16183
-15383
16187
16962
-16956
16963
-17015
17019
17020
12202
12203
12201
3839
3840
8181
-3903
8180
8185
-8182
8186
14714
14713
14716
-14856
14861
14862
-15381
-14966
15387
16193
16192
16195
17024
17023
17025
17170
-17168
17171
12137
12138
-12133
-3901
3905
8121
-3974
8122
13230
-13227
-13220
13244
-13221
13243
13280
-13247
-13275
16200
-13278
16199
16259
-16203
-16254
16287
-16255
16286
-17178
-16290
17182
12050
12051
12049
3969
480
482
-6575
6577
-484
-1142
1145
1148
1150
1151
1156
1158
1155
1116
1115
1117
15689
-15650
15690
16011
-15698
-16009
-1161
12592
-12589
1099
-1095
1100
15641
15640
15642
15681
-15677
15683
15982
15980
15981
12533
12534
12532
1076
1075
1077
15637
-6709
-15633
15631
15628
15630
15974
-15672
-15970
15969
15966
15968
12510
12511
-12506
1047
-1043
1048
6500
6499
6501
15573
-8337
15571
15624
-15620
15625
15957
-15731
15955
15962
-15958
15963
12451
12452
12450
1036
1035
1037
6494
-6443
6495
8333
-6512
-8329
15618
-8332
15619
-15728
15733
15734
15936
-15765
15937
-16039
16043
16044
12416
12417
-12412
995
-525
996
6434
6433
6435
6477
-6473
6479
8260
8259
8261
15758
-8451
-15755
15752
15751
15754
16079
-16078
-16061
16058
16057
16059
12369
12370
12368
-524
529
6430
-1770
-6426
6424
6421
6423
8248
-6467
8249
-8449
-8271
8453
15746
-14768
15747
15889
-15827
-15883
16053
-15884
16054
29034
-29032
-29028
12322
12323
-12318
-1768
1772
6346
-3758
6344
6417
-6413
6418
8225
-8221
8227
14762
-14759
14763
-15825
-14849
15829
15877
15876
15879
17002
-16182
-16997
17010
-16998
17009
12287
12288
12286
-3756
3760
6411
-3847
6412
8201
8199
8200
14757
-8209
14758
-14846
14851
14852
15834
-14937
-15378
-16180
-15379
16185
16983
16982
16985
-17011
17016
17017
12228
12229
-12224
3842
3843
8197
-3900
-8193
8190
8188
8191
14743
-14738
14742
14858
14857
14859
-15377
-14969
15384
16957
-16953
16958
-17161
-17036
17163
17173
-17165
17172
12205
12206
12204
-3898
3902
8183
-3977
8184
14719
14717
14718
14864
-14726
14865
14965
-14875
-14961
16952
-14964
-16949
17027
-16950
17026
-17164
-17029
17169
-17174
17179
17180
12134
12135
-12130
3972
3973
13228
-4042
-13224
13223
13219
13222
13248
13245
13246
13277
-13267
13276
16204
-13833
16202
16257
-16252
16256
16292
16289
16291
17211
-17207
17210
12053
12054
12052
483
485
-6572
6576
6579
6578
-487
-1140
1143
-6574
-15653
15691
-6650
-15694
16012
1160
1162
1159
1119
1118
1120
15649
-15646
15651
-15692
15696
15697
16010
-16007
-16001
-1165
12590
-12587
1096
-1092
1097
15644
-6713
15645
15678
-15663
-15673
15984
-15676
15983
15999
-15986
-15996
12536
12537
12535
1079
1078
1080
6707
-6705
6708
15634
-8351
15635
15670
-15668
15671
15971
-15727
15972
15994
-15992
15995
12507
12508
-12503
1044
-1040
1045
6504
-6446
6503
8336
-6508
8335
15621
-8341
15622
-15724
15730
15729
15959
-15769
15960
-16036
16041
16040
12454
12455
12453
1038
-522
1039
6442
-6439
6444
-6505
6510
6511
8330
-8327
8331
15760
-8448
15759
15764
-15761
15766
16081
-16076
16080
16085
-16082
16086
12413
12414
-12409
-521
526
6437
-1767
6438
6474
-6459
-6469
8264
-6471
8263
-8446
-8268
8450
15756
-14776
15757
-16075
-15824
-16066
16062
16060
16063
29037
29035
29036
12372
12373
12371
-1765
1769
6427
-3755
6428
6466
-6464
6468
-8265
8270
8272
14766
14765
14767
-15822
-14845
15826
15885
-15881
15886
29033
-16179
-29030
29029
29027
-29025
12319
12320
-12315
-3753
3757
6414
-3850
6415
8222
-8219
-8212
14760
-8214
14761
-14842
14847
14848
15880
-14941
-15374
-16177
-15375
16181
17000
-16994
16999
17014
17012
17013
12290
12291
12289
3845
3846
8204
-3897
8203
8208
-8205
8210
-14928
-14913
14931
14935
-14932
14936
-15373
-14978
15380
16987
16986
16988
-17159
-17048
17162
28994
-28992
28995
12225
12226
-12221
-3895
3899
8194
-3980
8195
14739
-14736
-14729
14867
-14730
14866
14968
-14872
14967
16954
-14972
16955
17035
17034
-17030
17167
-17033
17166
17177
17175
17176
12208
12209
12207
3975
3976
14721
-4039
14720
14725
-14722
14727
-14868
14873
14874
14962
-14959
14963
16951
-16390
-16947
17028
-16948
-16333
28926
-16336
-28923
-28931
-28925
28934
12131
12132
-12127
-4037
4041
13226
-4110
13225
13251
13249
13250
13269
-13263
13268
13834
-13820
13832
16253
-13837
-13878
16331
-13880
-16327
17209
-16329
17208
17214
17213
17215
12056
12057
12055
486
488
-6569
6573
6649
-6646
6581
6580
-490
-1138
1141
-6571
15652
15654
-6653
15693
15695
-6648
16013
16014
1164
1166
1163
1122
1121
1123
15647
-6720
15648
15700
-15660
15699
16008
-15704
-16004
16003
16000
16002
-1169
12588
-12585
1093
-1089
1094
6711
6710
6712
-15659
-8354
15662
15674
-15665
15675
15987
-15723
15985
15997
-15989
15998
12539
12540
12538
1082
1081
1083
6706
-6540
-6702
8350
-6704
-8346
-15664
-8349
15669
-15720
15725
15726
-15988
-15781
15993
-16033
16037
16038
12504
12505
-12500
1041
-519
1042
6448
6445
6447
6507
6506
6509
8339
8338
8340
15774
-8445
-15771
15768
15767
15770
16109
-16108
-16091
16088
16087
16089
12457
12458
12456
-518
523
6440
-1764
6441
6514
-6456
6513
8328
-6518
-8324
-8443
-8325
8447
15762
-14780
15763
16077
-15821
-16071
16083
-16072
16084
29054
-29052
-29046
12410
12411
-12406
-1762
1766
-6455
-3752
6458
6470
-6461
6472
8267
8266
8269
14774
-14771
14775
-15819
-14841
15823
16065
16064
16067
29039
-16176
29038
29043
-29040
29044
12375
12376
12374
-3750
3754
-6460
-3853
6465
8275
8273
8274
14769
-8282
14770
-14838
14843
14844
15882
-15043
-15370
-16174
-15371
16178
29031
-17116
-17157
29026
-17156
-29022
12316
12317
-12312
3848
3849
8220
-3894
-8216
8213
8211
8215
14930
-14926
14929
14940
14938
14939
-15369
-14981
15376
16996
-16991
16995
-17154
-17052
17160
28998
28996
28997
12293
12294
12292
-3892
3896
8206
-3983
8207
14912
-14909
14911
14933
-14915
14934
14977
-14950
-14973
16989
-14976
16990
17047
-17039
-17043
28993
-17046
-28989
-29003
-28991
29006
12222
12223
-12218
3978
3979
14737
-4036
-14733
14732
14728
14731
14870
14869
14871
14970
-14957
14971
17037
-16393
-16945
17031
-16944
17032
28928
-17068
28927
28933
-28929
28932
12211
12212
12210
-4034
4038
14723
-4113
14724
14878
14876
14877
-14956
-14885
14960
16389
-16383
-16386
-16943
-16388
-16339
16334
16332
16335
28924
-17076
-28920
28936
-28921
28935
12128
12129
-12125
4108
4109
13253
-4178
13252
13265
-13255
13264
13822
-13817
13821
13838
13835
13836
13881
-13875
13879
16328
-16325
16330
18666
-18663
18665
-28937
-18668
12059
12058
489
491
-6566
6570
6651
6652
6647
-6643
6583
6582
-493
-1136
1139
-6568
-6723
15655
-6656
-15658
-15709
-6761
-15711
16015
-6645
-16017
-16025
1168
1170
1167
1125
1124
1126
6718
-6715
6719
-15656
-8424
15661
15702
15701
15703
16005
-15719
16006
16023
-16021
16024
-1173
12586
-12583
1090
-1086
1091
6714
-6544
-6698
8353
-6700
8352
15666
-8358
15667
-15716
15722
15721
15990
-15785
15991
-16030
16035
16034
12542
12543
12541
1084
-516
1085
6539
-6537
-6530
-6697
-6533
6703
8347
-8343
8348
15776
-8442
15775
15780
-15777
15782
16111
-16106
16110
16115
-16112
16116
12501
12502
-12497
-515
520
6450
-1761
6449
6528
-6453
-6524
8342
-6527
-8320
-8440
-8322
8444
15772
-14788
15773
-16105
-15818
-16096
16092
16090
16093
29057
29055
29056
12460
12461
12459
-1759
1763
-6451
-3749
6457
6516
6515
6517
-8319
-8298
8326
14778
14777
14779
-15816
-14837
15820
16073
-16069
16074
29053
-16173
-29049
29047
29045
29048
12407
12408
-12403
-3747
3751
6462
-3856
6463
8294
-8292
-8285
14772
-8287
14773
-14834
14839
14840
16068
-15047
-15366
-16171
-15367
16175
29041
-17120
29042
-29069
29072
29073
12378
12379
12377
3851
3852
8277
-3891
8276
8281
-8278
8283
-15034
-15019
15037
15041
-15038
15042
-15365
-15089
15372
17114
-17112
17115
17158
-17153
17155
29023
-29020
29024
12313
12314
-12309
-3889
3893
8217
-3986
8218
14927
-14924
-14917
14943
-14918
14942
14980
-14945
14979
16993
-14985
16992
17051
17049
17050
29000
-17059
28999
29005
-29001
29004
12296
12297
12295
3981
3982
14910
-4033
-14906
14914
-14907
-14899
-14944
-14900
14949
14974
-14952
14975
17040
-16486
17038
17044
-17041
17045
28990
-17066
-28987
29007
-28988
-28949
12219
12220
-12215
-4031
4035
14735
-4116
14734
14897
-14895
-14888
-14951
-14889
14958
16392
-16379
16391
16946
-16397
-16940
-17064
-16941
17067
28930
-17073
-28916
28947
-28918
-28945
12213
12214
-12123
4111
4112
14880
-4175
14879
14884
-14881
14886
-16378
-16363
16382
16387
-16384
-16342
16338
16337
16340
-17069
17074
17075
-28915
-28899
28922
28939
28938
-19040
-12122
12126
-12064
-4173
4177
13257
-4246
13256
13818
-13815
-13808
13840
-13809
13839
13876
-13843
-13871
16326
-13873
-14454
18664
-14456
-18659
18669
-18660
18670
12061
12062
492
494
-6563
6567
6654
6655
-6757
6760
6644
-6640
6585
6584
-496
-1134
1137
-6565
6721
6722
-6659
-8426
15657
-6759
-15707
15710
-6764
-15715
16016
-6642
-16019
16026
1172
1174
1171
1128
1127
1129
6716
-6551
6717
8423
-6731
-8419
15705
-8422
15706
-15712
15717
15718
-16018
-15797
16022
-16027
16031
16032
-1177
12584
-12581
1087
-513
1088
6542
6541
6543
6699
-6695
6701
8356
8355
8357
15790
-8439
-15787
15784
15783
15786
16139
-16138
-16121
16118
16117
16119
12545
12546
12544
-512
517
6538
-1758
-6534
6532
6529
6531
8344
-6689
8345
-8437
-8367
8441
15778
-14792
15779
16107
-15815
-16101
16113
-16102
16114
29201
-29198
29200
12498
12499
-12494
-1756
1760
6454
-3746
6452
6525
-6521
6526
8321
-8317
8323
14786
-14783
14787
-15813
-14833
15817
16095
16094
16097
29059
-16170
29058
29064
-29060
29063
12463
12464
12462
-3744
3748
6519
-3859
6520
8297
8295
8296
14781
-8305
14782
-14830
14835
14836
16070
-15137
-15362
-16168
-15363
16172
29050
-17127
29051
-29065
29070
29071
12404
12405
-12400
3854
3855
8293
-3888
-8289
8286
8284
8288
15036
-15032
15035
15046
15044
15045
-15361
-15091
15368
17118
17117
17119
29075
-17151
29074
29080
-29076
29079
12381
12382
12380
-3886
3890
8279
-3989
8280
15018
-15015
15017
15039
-15021
15040
15088
-15056
-15085
17113
-15087
-17109
-17150
-17111
-17105
29021
-17106
-29017
-29081
-29018
-29011
12310
12311
-12306
3984
3985
14925
-4030
-14921
14920
14916
14919
14948
14947
14946
14983
14982
14984
17054
-16489
17053
17058
-17055
17057
29002
-17063
-28984
29008
-28985
29009
12299
12300
12298
-4028
4032
14908
-4119
-14903
14902
14898
14901
14953
14954
14955
16485
-16479
-16482
17042
-16484
-16937
-17060
-16938
17065
-28983
-17086
-28954
28951
28948
28950
12216
12217
-12120
4114
4115
14896
-4172
-14892
14890
14887
14891
16381
-16376
16380
16396
16394
16395
-16936
-16435
16942
17071
17070
17072
28919
-28913
28917
28946
-28942
-19037
-12119
12124
-12067
-4170
4174
14882
-4249
14883
16362
-16359
16361
16385
-16365
-16346
16344
16341
16343
17077
-16428
17078
28898
-28895
28897
28940
-28901
28941
-19036
19041
-18984
12063
12065
4244
4245
13816
-4314
-13812
13811
13807
13810
13844
13841
13842
13874
-13863
13872
14457
-14451
14455
18661
-18656
18662
29328
-29327
-18980
18981
-18979
495
497
-6560
6564
6657
6658
-6754
6758
6762
6763
6641
-6637
6587
6586
-499
-1132
1135
-6562
-6555
6724
-6662
-6728
8425
-6756
-8428
15708
-6767
15714
15713
-6801
-15800
16020
-6639
16029
16028
1176
1178
1175
1130
-510
1131
6550
-6547
6552
-6725
6729
6730
8420
-8417
8421
15792
-8436
15791
15796
-15793
15798
16141
-16136
16140
16145
-16142
16146
-1181
12582
-12579
-509
514
6545
-1755
6546
6696
-6681
-6691
8360
-6693
8359
-8433
-8363
8438
15788
-14800
15789
-16135
-15812
-16126
16122
16120
16123
29208
29207
-29204
12548
12549
12547
-1753
1757
6535
-3743
6536
6688
-6686
6690
-8361
8366
8368
14790
14789
14791
-15810
-14829
15814
16103
-16099
16104
29199
-16167
-29196
29202
-29197
29203
12495
12496
-12491
-3741
3745
6522
-3862
6523
8318
-8315
-8308
14784
-8310
14785
-14826
14831
14832
16098
-15141
-15358
-16165
-15359
16169
29062
-17130
29061
29068
29067
29066
12466
12467
12465
3857
3858
8300
-3885
8299
8304
-8301
8306
-15130
-15115
15133
15136
-15134
-15093
-15357
-15096
15364
17126
-17123
17128
29122
-29120
29121
29126
-29123
29127
12401
12402
-12397
-3883
3887
8290
-3992
8291
15033
-15030
-15023
15049
-15024
15048
15090
-15053
-15081
17121
-15084
17122
17152
-17143
-17146
29078
-17147
29077
29083
29082
29084
12384
12385
12383
3987
3988
15016
-4027
-15012
15020
-15013
-15005
-15050
-15006
15055
-15080
-15059
15086
17110
-16582
-17107
17104
17103
-17100
29019
-17101
-29014
29012
29010
29013
12307
12308
-12303
-4025
4029
14923
-4122
14922
15003
-15001
-14991
14987
14986
14988
16488
-16475
16487
17056
-16493
-16933
17062
-16934
17061
28986
-17090
-28979
29346
-28981
-29344
12301
12302
-12117
4117
4118
14905
-4169
14904
-14989
14994
14995
-16474
-16459
16478
16483
-16480
-16437
-16932
-16440
16939
17084
-17081
17085
28953
28952
28955
29343
-29342
-19035
-12116
12121
-12070
-4167
4171
14893
-4252
14894
16377
-16374
-16367
16399
-16368
16398
16434
-16402
-16430
17079
-16432
17080
28914
-28911
-28904
28944
-28905
28943
-19033
19038
-18986
12066
12068
4247
4248
16360
-4311
-16356
16364
-16357
-16350
16347
16345
16348
16427
-16425
16429
28896
-28565
-28892
28900
-28893
28902
29329
-29326
-18978
18983
-18977
-4309
4313
13814
-4382
13813
13847
13845
13846
13865
-13859
13864
14452
-14436
-14447
18658
-14448
18657
-29325
-28517
-18907
-18976
-18906
498
500
-6557
6561
6660
6661
-6751
6755
6765
6766
-6797
6800
6638
-6634
6589
6588
-502
-507
1133
6553
6554
6556
-6664
6726
6727
-6753
-8415
8427
-6770
-8432
-15802
-6799
15799
15801
-6804
-16155
-16150
-6636
16147
16148
1180
1182
1179
-506
511
6548
-1752
6549
6733
-6678
6732
-8414
-6737
8418
-8429
8435
8434
15794
-14804
15795
16137
-15809
-16131
16143
-16132
16144
29219
-29211
-29216
-1185
12580
-12577
-1750
1754
-6677
-3740
6680
6692
-6683
6694
8365
8362
8364
14798
-14795
14799
-15807
-14825
15811
16125
16124
16127
29209
-16164
-29194
29205
-29193
29206
12551
12552
12550
-3738
3742
-6682
-3865
6687
8371
8369
8370
14793
-8378
14794
-14822
14827
14828
16100
-15225
-15354
-16162
-15355
16166
-29192
-29150
-29137
-29232
-29138
29234
12492
12493
-12488
3860
3861
8316
-3882
-8312
8309
8307
8311
15132
-15128
15131
15140
15138
15139
-15353
-15179
15360
17132
17129
17131
29134
-29118
-29131
29129
29128
29130
12469
12470
12468
-3880
3884
8302
-3995
8303
15114
-15111
15113
15135
-15117
-15098
15095
15092
15094
17124
-15173
17125
-29117
-17141
-29108
29124
-29109
29125
-29252
29255
29256
12398
12399
-12394
3990
3991
15031
-4024
-15027
15026
15022
15025
15054
15051
15052
15082
-15077
15083
-17139
-16585
17142
17149
-17144
17148
29086
29085
29087
29265
-29263
29266
12387
12388
12386
-4022
4026
15014
-4125
-15009
15008
15004
15007
15058
15057
15060
16581
-16575
-16578
17108
-16580
-16931
17102
-16930
-17096
29015
-17097
29016
29349
29347
29348
12304
12305
-12114
4120
4121
15002
-4166
-14998
14992
14990
14993
16477
-16472
16476
16492
16490
16491
-16928
-16531
16935
17088
17087
17089
28982
-28977
28980
29345
-29340
-19032
-12113
12118
-12073
-4164
4168
14996
-4255
14997
16458
-16455
16457
16481
-16461
-16442
16439
16436
16438
17082
-16524
17083
28958
28956
28957
-29339
-28966
-29333
-19030
19034
-18988
12069
12071
4250
4251
16375
-4308
-16371
16370
16366
16369
16403
16400
16401
16431
-16422
16433
28912
-28568
-28908
28906
28903
28907
29330
-29323
-18975
18985
-18974
-4306
4310
16358
-4385
-16353
16351
16349
16352
-16421
-16416
16426
28564
-28557
-28560
28894
-28563
-28889
-29322
-28891
-18910
-18973
-18909
4380
4381
13849
-4450
13848
13861
-13851
13860
14437
-14433
14435
14450
-14439
14449
28516
28515
-18904
18905
-18903
501
503
6559
6558
6663
6665
-6748
6752
6768
6769
-6794
6798
6802
6803
6635
-6631
6591
6590
-504
508
-6672
-1749
6673
-6668
-6676
-8412
-6750
-8413
8416
-6773
8430
8431
-6796
-14813
15803
-6807
-15806
-16153
-6841
16149
16151
-6633
29220
29221
1184
1186
1183
-1747
1751
-6674
-3737
6679
6736
6734
6735
14808
-8394
-14805
14802
14801
14803
-15804
-14821
15808
16133
-16129
16134
29212
-16161
29210
29217
-29213
29218
-1189
12578
-12575
-3735
3739
6684
-3868
6685
8390
-8388
-8381
14796
-8383
14797
-14818
14823
14824
16128
-15229
-15350
-16159
-15351
16163
29195
-29154
-29188
-29229
-29189
29233
12554
12555
12553
3863
3864
8373
-3879
8372
8377
-8374
8379
-15218
-15203
15221
15224
-15222
-15181
-15349
-15184
15356
29149
-29147
-29141
29136
29135
29139
29236
29235
29237
12489
12490
-12485
-3877
3881
8313
-3998
8314
15129
-15126
-15119
15143
-15120
15142
15178
-15146
-15174
17134
-15177
17133
29119
-17137
-29113
29132
-29114
29133
-29249
29254
29253
12472
12473
12471
3993
3994
15112
-4021
-15108
15116
-15109
-15102
15099
15097
15100
15171
-15169
15172
-17135
-16678
17140
29107
29106
-29103
29258
-29104
29257
29267
-29260
29268
12395
12396
-12391
-4019
4023
15029
-4128
15028
15073
-15070
15072
15078
-15074
15079
16584
-16571
16583
17145
-16589
-16925
29089
-16926
29088
-29259
-29092
29264
29364
-29362
-29357
12389
12390
-12111
4123
4124
15011
-4163
15010
15062
15061
15063
-16570
-16555
16574
16579
-16576
-16533
-16924
-16536
16929
17098
-17093
17099
29351
-29302
29350
29355
-29352
-19028
-12110
12115
-12076
-4161
4165
14999
-4258
15000
16473
-16470
-16463
16495
-16464
16494
16530
-16498
-16526
17091
-16528
17092
28978
-28975
-28968
29341
-28971
-29337
-19027
19031
-18990
12072
12074
4253
4254
16456
-4305
-16452
16460
-16453
-16446
16443
16441
16444
16523
-16521
16525
28960
-28621
28959
28964
-28961
28965
29332
29331
-18972
18987
-18971
-4303
4307
16373
-4388
16372
16406
16404
16405
16423
-16418
16424
28567
-28553
28566
28909
-28572
28910
29324
-29321
-18913
-18970
-18912
4383
4384
16354
-4447
16355
16415
-16413
16417
-28552
-28537
28556
28561
-28558
28562
28890
-28888
-18902
18908
-18901
-4445
4449
13853
-4518
13852
14434
-14431
-14424
14441
-14425
14440
28519
28518
-18831
-18900
-18830
505
-1746
-6669
6666
6667
-6745
6749
6771
6772
-6791
6795
6805
6806
-6837
6840
6632
-6628
6593
6592
-1745
1748
-6670
-3734
6675
-6747
-6742
-8410
-6776
-8411
14809
-6793
-14810
14812
-6810
-14817
15805
-6839
16152
16154
-6844
-16158
29222
-6630
-29223
29225
1188
1190
1187
-3733
3736
6738
-3870
6739
8393
8391
8392
14806
-8401
14807
-14814
14819
14820
16130
-15308
-15346
-16156
-15347
16160
29214
-29161
29215
-29226
29230
29231
-1193
12576
-12573
3866
3867
8389
-3876
-8385
8382
8380
8384
15220
-15216
15219
15228
15226
15227
-15345
-15267
15352
29152
29151
29153
29191
-29186
29190
29244
-29240
29243
12557
12558
12556
-3874
3878
8375
-4001
8376
15202
-15199
15201
15223
-15205
-15186
15183
15180
15182
29148
-15261
-29144
29143
29140
29142
29238
-29180
29239
-29245
29250
29251
12486
12487
-12482
3996
3997
15127
-4018
-15123
15122
15118
15121
15147
15144
15145
15175
-15166
15176
17138
-16681
17136
29115
-29111
29116
29425
-29424
-29274
29271
29269
29270
12475
12476
12474
-4016
4020
15110
-4131
-15105
15103
15101
15104
-15165
-15160
15170
16677
-16671
-16674
29110
-16676
-16923
29105
-16922
-29099
29261
-29100
29262
29367
29365
29366
12392
12393
-12108
4126
4127
15071
-4160
-15066
15075
-15067
15076
16573
-16568
16572
16588
16586
16587
-16920
-16627
16927
29091
29090
29093
29363
-29304
-29359
29358
29356
-19025
-12107
12112
-12079
-4158
4162
15064
-4261
15065
16554
-16551
16553
16577
-16557
-16538
16535
16532
16534
17094
-16620
17095
29301
-29293
-29297
29353
-29299
29354
-19024
19029
-18992
12075
12077
4256
4257
16471
-4302
-16467
16466
16462
16465
16499
16496
16497
16527
-16518
16529
28976
-28624
-28972
28969
28967
28970
29338
-29335
-18969
18989
-18968
-4300
4304
16454
-4391
-16449
16447
16445
16448
-16517
-16512
16522
28620
-28612
-28616
28962
-28619
28963
29334
-29320
-18916
-18967
-18915
4386
4387
16408
-4444
16407
16419
-16410
16420
28555
-28550
28554
28570
28569
28571
-29319
-28887
-18899
18911
-18898
-4442
4446
-16409
-4521
16414
28536
-28533
28535
28559
-28539
-28522
-28886
-28524
-18834
-18897
-18833
4516
4517
14432
-4574
-14428
14427
14423
14426
28520
-18752
-18828
18829
-18827
-1742
-1744
6671
-6743
6746
6774
6775
-6788
6792
6808
6809
-6834
6838
6842
6843
6629
-6625
6595
6594
-1743
-3730
6740
-3732
6741
-6779
-8409
-8404
-6790
-8405
14811
-6813
14815
14816
-6836
-15311
-15342
-6847
-15343
16157
-6881
-29164
29224
-6627
29227
29228
1192
1194
1191
-3731
3869
8396
-3873
8395
8400
-8397
8402
-15302
-15291
15304
15307
-15305
-15269
-15341
-15272
15348
29160
-29157
29162
29476
-29475
-29462
-29480
-29464
29482
-1197
12574
-12571
-3871
3875
8386
-4004
8387
15217
-15214
-15207
15231
-15208
15230
15266
-15234
-15262
29155
-15265
29156
29187
-29174
-29182
29242
-29183
29241
29248
29247
29246
12560
12561
12559
3999
4000
15200
-4015
-15196
15204
-15197
-15190
15187
15185
15188
15259
-15257
15260
29145
-16774
29146
29179
-29178
29181
29427
-29422
29426
29430
-29428
-29402
12483
12484
-12479
-4013
4017
15125
-4134
15124
15150
15148
15149
15167
-15162
15168
16680
-16667
16679
29112
-16685
-16917
-29421
-16919
-29279
29275
29272
29273
29400
-29389
-29398
12477
12478
-12105
4129
4130
15106
-4157
15107
15159
-15157
15161
-16666
-16651
16670
16675
-16672
-16629
-16916
-16632
16921
29101
-29096
29102
29369
29368
29370
29397
-29395
-19022
-12104
12109
-12082
-4155
4159
15068
-4264
15069
16569
-16566
-16559
16591
-16560
16590
16626
-16594
-16622
29094
-16625
29095
29305
-29290
29303
29360
-29307
29361
-19021
19026
-18994
12078
12080
4259
4260
16552
-4299
-16548
16556
-16549
-16542
16539
16537
16540
16619
-16617
16621
-29289
-28681
29292
29298
-29294
29300
-29578
29580
-18966
18991
-18965
-4297
4301
16469
-4394
16468
16502
16500
16501
16519
-16514
16520
28623
-28608
28622
28973
-28628
28974
29336
-29318
-18919
-18964
-18918
4389
4390
16450
-4441
16451
16511
-16509
16513
-28607
-28591
28611
28617
-28613
28618
-29317
-28885
-18896
18914
-18895
-4439
4443
16411
-4524
16412
28551
-28548
-28541
28574
-28542
28573
-28884
-28577
-18837
-18894
-18836
4519
4520
28534
-4572
-28530
28538
-28531
-28526
28523
28521
-18826
18832
-18825
-4571
-3660
14430
-3661
18753
18751
-18824
-18755
-1739
-1741
6744
6777
6778
-6785
6789
6811
6812
-6831
6835
6845
6846
-6877
6880
6626
-6622
6597
6596
-1740
-3727
-6781
-3729
-8407
-6787
8403
8406
-6816
-15301
15303
-6833
15309
15310
-6850
-15340
15344
-6879
29163
29165
-6884
-29474
29477
-6624
-29478
29481
1196
1198
1195
-3728
3872
8398
-4006
8399
15290
-15287
15289
15306
-15293
-15274
15271
15268
15270
29158
-15336
29159
-29473
-29172
-29467
29463
29461
-29457
29484
-29458
29483
-1201
12572
-12569
4002
4003
15215
-4012
-15211
15210
15206
15209
15235
15232
15233
15263
-15254
15264
-29170
-16777
29173
29185
-29176
29184
29456
-29455
-29435
29432
29431
29433
12563
12564
12562
-4010
4014
15198
-4137
-15193
15191
15189
15192
-15253
-15248
15258
16773
-16767
-16770
-29175
-16772
-16913
29423
-16915
-29418
29429
-29419
-29406
29404
29401
29403
12480
12481
-12102
4132
4133
15152
-4154
15151
15163
-15154
15164
16669
-16664
16668
16684
16682
16683
-16912
-16723
16918
29278
29276
29277
29390
-29386
29388
29399
-29392
-19019
-12101
12106
-12085
-4152
4156
-15153
-4267
15158
16650
-16647
16649
16673
-16653
-16634
16631
16628
16630
29097
-16717
29098
29372
-29287
29371
-29391
-29375
29396
-19018
19023
-18996
12081
12083
4262
4263
16567
-4296
-16563
16562
16558
16561
16595
16592
16593
16623
-16614
16624
-29286
-28684
29291
29308
29306
29309
-29576
29579
-18963
18993
-18962
-4294
4298
16550
-4397
-16545
16543
16541
16544
-16613
-16608
16618
28680
-28672
-28676
29295
-28679
29296
29581
-29316
-18922
-18961
-18921
4392
4393
16504
-4438
16503
16515
-16506
16516
28610
-28605
28609
28626
28625
28627
-29315
-28883
-18893
18917
-18892
-4436
4440
-16505
-4527
16510
28590
-28587
28589
28614
-28593
28615
-28882
-28636
-18840
-18891
-18839
4522
4523
28549
-4570
-28545
28544
28540
28543
28576
28575
-18823
18835
-18822
-4569
-3663
28532
-3664
-28528
28527
28525
-18758
-18821
-18757
3659
-1663
18754
-7056
-1736
-1738
6780
-6782
6786
6814
6815
-6828
6832
6848
6849
-6874
6878
6882
6883
6623
-6619
6599
6598
-1737
-3724
-6784
-3726
8408
-6819
-15300
-15295
-6830
-15296
15312
-6853
-15315
-15337
-6876
-15339
29166
-6887
-29169
-29470
-6921
-29471
29479
-6621
29565
-29564
1200
1202
1199
-3725
4005
15288
-4009
-15284
15292
-15285
-15278
15275
15273
15276
15334
-15332
15335
-29167
-16865
29171
29466
29465
-29453
29460
-29452
29459
29487
29485
29486
-1205
12570
-12567
-4007
4011
15213
-4140
15212
15238
15236
15237
15255
-15250
15256
16776
-16763
16775
29177
-16781
-16909
-29451
-16911
-29440
29436
29434
29437
29533
-29522
-29531
12565
12566
-12099
4135
4136
15194
-4151
15195
15247
-15245
15249
-16762
-16747
16766
16771
-16768
-16725
-16908
-16728
16914
29420
-29416
-29410
29407
29405
29408
29530
-29528
-19016
-12098
12103
-12088
-4149
4153
15155
-4270
15156
16665
-16662
-16655
16687
-16656
16686
16722
-16690
-16718
29281
-16721
29280
29387
-29284
-29382
29393
-29383
29394
-19015
19020
-18998
12084
12086
4265
4266
16648
-4293
-16644
16652
-16645
-16638
16635
16633
16636
16715
-16713
16716
-29282
-28741
29288
29374
29373
29376
-29574
29577
-18960
18995
-18959
-4291
4295
16565
-4400
16564
16598
16596
16597
16615
-16610
16616
28683
-28668
28682
29311
-28688
29310
29582
-29313
-18925
-18958
-18924
4395
4396
16546
-4435
16547
16607
-16605
16609
-28667
-28651
28671
28677
-28673
28678
-29312
-28881
-18890
18920
-18889
-4433
4437
16507
-4530
16508
28606
-28603
-28596
28630
-28597
28629
-28880
-28634
-18843
-18888
-18842
4525
4526
28588
-4568
-28584
28592
-28585
28594
-28631
28635
-18820
18838
-18819
-4567
-3666
28547
-3667
28546
28579
28578
-18761
-18818
-18760
3662
-1666
28529
-1667
-7053
18756
-7052
1662
-1283
-7051
-1284
-1733
-1735
6783
6817
6818
-6825
6829
6851
6852
-6871
6875
6885
6886
-6917
6920
6620
-6616
6601
6600
-1734
-3721
-6821
-3723
-15298
-6827
15294
15297
-6856
15313
15314
-6873
-15330
15338
-6890
-16867
29168
-6919
-29469
29472
-6924
29566
-29493
-6618
-29492
-29563
1204
1206
1203
-3722
4008
15286
-4142
-15281
15279
15277
15280
-15329
-15325
15333
16864
-16858
-16861
29468
-16863
-16907
29454
-16906
-29447
29488
-29448
29489
29536
29534
29535
-1209
12568
-12096
4138
4139
15240
-4148
15239
15251
-15242
15252
16765
-16760
16764
16780
16778
16779
-16904
-16819
16910
29439
29438
29441
29523
-29519
29521
29532
-29525
-19013
-12095
12100
-12091
-4146
4150
-15241
-4273
15246
16746
-16743
16745
16769
-16749
-16730
16727
16724
16726
29417
-16813
-29413
29412
29409
29411
-29524
-29513
29529
-19012
19017
-19000
12087
12089
4268
4269
16663
-4290
-16659
16658
16654
16657
16691
16688
16689
16719
-16710
16720
29285
-28744
29283
29384
-29379
29385
-29572
29575
-18957
18997
-18956
-4288
4292
16646
-4403
-16641
16639
16637
16640
-16709
-16704
16714
28740
-28732
-28736
29377
-28739
29378
29584
29583
-18928
-18955
-18927
4398
4399
16600
-4432
16599
16611
-16602
16612
28670
-28665
28669
28686
28685
28687
29314
-28879
-18887
18923
-18886
-4430
4434
-16601
-4533
16606
28650
-28647
28649
28674
-28653
28675
-28878
-28696
-18846
-18885
-18845
4528
4529
28604
-4566
-28600
28599
28595
28598
28633
28632
-18817
18841
-18816
-4565
-3669
28586
-3670
-28581
28637
-28582
-18764
-18815
-18763
3665
-1669
28580
-1670
-7050
18759
-7049
1665
-1280
-7048
-1281
-1279
-1730
-1732
6820
-6822
6826
6854
6855
-6868
6872
6888
6889
-6914
6918
6922
6923
6617
-6613
6603
6602
-1731
-3718
-6824
-3720
15299
-6859
15316
15317
-6870
-15327
15331
-6893
-16855
16866
-6916
-16870
-16901
-6927
-16903
-29496
-6961
29490
29491
-6615
-29555
-29562
1208
1210
1207
-3719
4141
15282
-4145
15283
15324
-15322
15326
-16854
-16843
16857
16862
-16859
-16821
-16900
-16824
16905
29449
-29444
29450
29538
29537
29539
29561
-29559
-19010
-1213
12097
-12093
-4143
4147
15243
-4276
15244
16761
-16758
-16751
16783
-16752
16782
16818
-16786
-16814
29442
-16817
29443
29520
-29505
-29515
29526
-29516
29527
-19009
19014
-19002
12090
12092
4271
4272
16744
-4287
-16740
16748
-16741
-16734
16731
16729
16732
16811
-16809
16812
29414
-28801
29415
29512
-29510
29514
-29570
29573
-18954
18999
-18953
-4285
4289
16661
-4406
16660
16694
16692
16693
16711
-16706
16712
28743
-28728
28742
29380
-28748
29381
29588
-29586
-18931
-18952
-18930
4401
4402
16642
-4429
16643
16703
-16701
16705
-28727
-28711
28731
28737
-28733
28738
29585
-28877
-18884
18926
-18883
-4427
4431
16603
-4536
16604
28666
-28663
-28656
28690
-28657
28689
-28876
-28694
-18849
-18882
-18848
4531
4532
28648
-4564
-28644
28652
-28645
28654
-28691
28695
-18814
18844
-18813
-4563
-3672
28602
-3673
28601
28639
28638
-18767
-18812
-18766
3668
-1672
28583
-1673
-7047
18762
-7046
1668
-1277
-7045
-1278
-1276
-1727
-1729
6823
6857
6858
-6865
6869
6891
6892
-6911
6915
6925
6926
-6957
6960
6614
-6610
6605
6604
-1728
-3715
-6861
-3717
15318
-6867
-15320
15328
-6896
-16853
16856
-6913
16868
16869
-6930
-16899
16902
-6959
29494
29495
-6964
-29553
29554
-6612
-29557
-19007
1212
1214
1211
-3716
4144
-15319
-4278
15323
16842
-16839
16841
16860
-16845
-16826
16823
16820
16822
29445
-16895
29446
29541
-29502
29540
-29556
-29544
29560
-19006
19011
-19004
-1216
12094
4274
4275
16759
-4284
-16755
16754
16750
16753
16787
16784
16785
16815
-16806
16816
-29501
-28804
29504
29517
-29507
29518
-29567
29571
-18951
19001
-18950
-4282
4286
16742
-4409
-16737
16735
16733
16736
-16805
-16800
16810
28800
-28792
-28796
-29506
-28799
29511
29590
29589
-18934
-18949
-18933
4404
4405
16696
-4426
16695
16707
-16698
16708
28730
-28725
28729
28746
28745
28747
29587
-28875
-18881
18929
-18880
-4424
4428
-16697
-4539
16702
28710
-28707
28709
28734
-28713
28735
-28874
-28756
-18852
-18879
-18851
4534
4535
28664
-4562
-28660
28659
28655
28658
28693
28692
-18811
18847
-18810
-4561
-3675
28646
-3676
-28641
28697
-28642
-18770
-18809
-18769
3671
-1675
28640
-1676
-7044
18765
-7043
1671
-1274
-7042
-1275
-1273
-1724
-1726
6860
-6862
6866
6894
6895
-6908
6912
6928
6929
-6954
6958
6962
6963
6611
-6607
6606
-1219
-1725
-3712
-6864
-3714
15321
-6899
-16852
-16847
-6910
-16848
16871
-6933
-16874
-16896
-6956
-16898
29497
-6967
-29500
-29550
-7001
-29551
29558
-6609
19008
-19005
1215
1217
-3713
4277
16840
-4281
-16836
16844
-16837
-16830
16827
16825
16828
16893
-16891
16894
-29498
-28854
29503
29543
29542
29545
29569
29568
-18948
19003
-18947
-4279
4283
16757
-4412
16756
16790
16788
16789
16807
-16802
16808
28803
-28788
28802
29508
-28808
29509
29594
-29592
-18937
-18946
-18936
4407
4408
16738
-4423
16739
16799
-16797
16801
-28787
-28771
28791
28797
-28793
28798
29591
-28873
-18878
18932
-18877
-4421
4425
16699
-4542
16700
28726
-28723
-28716
28750
-28717
28749
-28872
-28754
-18855
-18876
-18854
4537
4538
28708
-4560
-28704
28712
-28705
28714
-28751
28755
-18808
18850
-18807
-4559
-3678
28662
-3679
28661
28699
28698
-18773
-18806
-18772
3674
-1678
28643
-1679
-7041
18768
-7040
1674
-1271
-7039
-1272
-1270
-1721
-1723
6863
6897
6898
-6905
6909
6931
6932
-6951
6955
6965
6966
-6997
7000
6608
-1221
1218
-1722
-3709
-6901
-3711
-16850
-6907
16846
16849
-6936
16872
16873
-6953
-16889
16897
-6970
-28856
29499
-6999
-29548
29552
-7003
-29600
-18945
-1222
-18944
-3710
4280
16838
-4414
-16833
16831
16829
16832
-16888
-16884
16892
28853
-28845
-28849
29546
-28852
29547
29596
29595
-18940
-18943
-18939
4410
4411
16792
-4420
16791
16803
-16794
16804
28790
-28785
28789
28806
28805
28807
29593
-28871
-18875
18935
-18874
-4418
4422
-16793
-4545
16798
28770
-28767
28769
28794
-28773
28795
-28870
-28816
-18858
-18873
-18857
4540
4541
28724
-4558
-28720
28719
28715
28718
28753
28752
-18805
18853
-18804
-4557
-3681
28706
-3682
-28701
28757
-28702
-18776
-18803
-18775
3677
-1681
28700
-1682
-7038
18771
-7037
1677
-1268
-7036
-1269
-1267
-1718
-1720
6900
-6902
6906
6934
6935
-6948
6952
6968
6969
-6994
6998
7002
-1224
1220
-1719
-3706
-6904
-3708
16851
-6939
16875
16876
-6950
-16886
16890
-6973
-28842
28855
-6996
-28858
29549
-7005
-29599
-18942
-1225
-18941
-3707
4413
16834
-4417
16835
16883
-16881
16885
-28841
-28830
28844
28850
-28846
28851
29597
-28868
-18872
18938
-18871
-4415
4419
16795
-4548
16796
28786
-28783
-28776
28810
-28777
28809
-28867
-28814
-18861
-18870
-18860
4543
4544
28768
-4556
-28764
28772
-28765
28774
-28811
28815
-18802
18856
-18801
-4555
-3684
28722
-3685
28721
28759
28758
-18779
-18800
-18778
3680
-1684
28703
-1685
-7035
18774
-7034
1680
-1265
-7033
-1266
-1264
-1715
-1717
6903
6937
6938
-6945
6949
6971
6972
-6991
6995
7004
-1227
1223
-1716
-3703
-6941
-3705
16877
-6947
-16879
16887
-6976
-28840
28843
-6993
28857
28859
-7007
29598
-18869
-1228
-18868
-3704
4416
-16878
-4550
16882
28829
-28826
28828
28847
-28832
28848
28869
-28865
-18864
-18867
-18863
4546
4547
28784
-4554
-28780
28779
28775
28778
28813
28812
-18799
18859
-18798
-4553
-3687
28766
-3688
-28761
28817
-28762
-18782
-18797
-18781
3683
-1687
28760
-1688
-7032
18777
-7031
1683
-1262
-7030
-1263
-1261
-1712
-1714
6940
-6942
6946
6974
6975
-6988
6992
7006
-1230
1226
-1713
-3700
-6944
-3702
16880
-6979
-28839
-28835
-6990
-28836
28860
-7009
-28863
-18866
-1231
-18865
-3701
4549
28827
-4552
-28823
28831
-28824
28833
-28861
28864
-18796
18862
-18795
-4551
-3690
28782
-3691
28781
28819
28818
-18785
-18794
-18784
3686
-1690
28763
-1691
-7029
18780
-7028
1686
-1259
-7027
-1260
-1258
-1709
-1711
6943
6977
6978
-6985
6989
7008
-1233
1229
-1710
-3697
-6981
-3699
-28838
-6987
28834
28837
-7011
28862
-18793
-1234
-18792
-3698
-3693
28825
-3694
-28821
28866
-28822
-18788
-18791
-18787
3689
-1693
28820
-1694
-7026
18783
-7025
1689
-1256
-7024
-1257
-1255
-1706
-1708
6980
-6982
6986
7010
-1236
1232
-1707
-3695
-6984
-3696
-7017
-7013
-7018
-18790
-1237
-18789
3692
-1696
-7016
-1697
-7023
18786
-7022
1692
-1253
-7021
-1254
-1252
-1703
-1705
6983
7012
-1239
1235
-1704
-1699
-7014
-1700
7015
-1240
-7020
1695
-1250
-7019
-1251
-1249
-1701
-1702
-1242
1238
1698
-1247
-1243
-1248
-1246
-1245
1241
-1244
30021
30022
30023
30024
30025
30026
30027
30028
30029
30030
30031
30032
30033
30034
30035
30036
30037
30038
30039
30040
30041
30042
30043
30044
30045
30046
30047
30048
30049
30050
30051
30052
30053
30054
30055
30056
30057
30058
30059
30060
30061
30062
30063
30064
30065
30066
30067
30068
30069
30070
30071
30072
30073
30074
30075
30076
30077
30078
30079
30080
30081
30082
30083
30084
30085
30086
30087
30088
30089
30090
30091
30092
30093
30094
30095
30096
30097
30098
30099
30100
30101
30102
30103
30104
30105
30106
30107
30108
30109
30110
30111
30112
30113
30114
30115
30116
30117
30118
30119
30120
30121
30122
30123
30124
30125
30126
30127
30128
30129
30130
30131
30132
30133
30134
30135
30136
30137
30138
30139
30140
30141
30142
30143
30144
30145
30146
30147
30148
30149
30150
30151
30152
30153
30154
30155
30156
30157
30158
30159
30160
30161
30162
30163
30164
30165
30166
30167
30168
30169
30170
30171
30172
30173
30174
30175
30176
30177
30178
30179
30180
30181
30182
30183
30184
30185
30186
30187
30188
30189
30190
30191
30192
30193
30194
30195
30196
30197
30198
30199
30200
30201
30202
30203
30204
30205
30206
30207
30208
30209
30210
30211
30212
30213
30214
30215
30216
30217
30218
30219
30220
30221
30222
30223
30224
30225
30226
30227
30228
30229
30230
30231
30232
30233
30234
30235
30236
30237
30238
30239
30240
30241
30242
30243
30244
30245
30246
30247
30248
30249
30250
30251
30252
30253
30254
30255
30256
30257
30258
30259
30260
30261
30262
30263
30264
30265
30266
30267
30268
30269
30270
30271
30272
30273
30274
30275
30276
30277
30278
30279
30280
30281
30282
30283
30284
30285
30286
30287
30288
30289
30290
30291
30292
30293
30294
30295
30296
30297
30298
30299
30300
30301
30302
30303
30304
30305
30306
30307
30308
30309
30310
30311
30312
30313
30314
30315
30316
30317
30318
30319
30320
30321
30322
30323
30324
30325
30326
30327
30328
30329
30330
30331
30332
30333
30334
30335
30336
30337
30338
30339
30340
30799
30802
30803
30848
30850
30857
30859
30954
30955
30963
30964
31070
31071
31073
31075
31076
31077
31080
31081
31082
31083
31084
31086
31089
31091
31092
31093
31094
31095
31096
31097
31098
31099
31100
31101
31102
31103
31104
31105
31106
31107
31108
31109
31110
31111
31112
31113
31114
31115
31116
31117
31118
31119
31120
31121
31124
31125
31126
31127
31128
31130
31132
31134
31135
31137
31138
31139
31141
31143
31144
31145
31146
31147
31148
31149
31150
31151
31152
31153
31154
31155
31156
31157
31158
31159
31160
31161
31162
31163
31164
31165
31166
31167
31168
31169
31170
31171
31172
31173
31174
31175
31176
31177
31178
31179
31180
31181
31182
31183
31184
31185
31186
31187
31188
31190
31191
31193
31194
31195
31196
31197
31198
31199
31200
31202
31203
31205
31206
31207
31208
31209
31210
31211
31212
31214
31215
31217
31218
31219
31220
31221
31222
31223
31226
31227
31228
31229
31230
31231
31232
31233
31234
31235
31236
31237
31238
31239
31240
31241
31242
31243
31244
31245
31246
31247
31248
31250
31251
31253
31254
31255
31256
31257
31258
31259
31260
31262
31263
31265
31266
31269
31270
31273
31274
31275
31276
31277
31278
31279
31280
31281
31282
31283
31284
31285
31286
31287
31288
31289
31290
31291
31292
31293
31358
31359
31360
31361
31362
31363
31364
31365
31367
31370
31371
31374
31375
31376
31659
31660
31661
31662
31663
31664
31665
31666
31678
31679
31680
31681
31682
31683
31684
31685
31686
31694
31695
31696
31697
31701
31702
31703
31725
31726
31727
31728
31729
31730
31731
31743
31744
31760
31761
31800
31801
31802
31803
31804
31805
31806
31807
31808
31821
31822
32015
32016
32017
32018
32019
32020
32021
32022
32023
32024
32025
32026
32027
32028
32029
32030
32031
32032
32033
32034
32035
32036
32037
32038
32039
32040
32041
32042
32043
32044
32045
32046
32047
32048
32049
32050
32051
32052
32053
32054
32055
32056
32057
32058
32059
32060
32061
32062
32063
32064
32065
32066
32067
32068
32069
32070
32071
32072
32073
32074
32075
32076
32077
32078
32079
32080
32081
32082
32083
32084
32085
32086
32087
32088
32089
32090
32091
32092
32093
32094
32095
32096
32097
32098
32099
32100
32101
32102
32103
32104
32105
32106
32107
32108
32109
32110
32111
32112
32113
32114
32115
32116
32117
32118
32119
32120
32121
32122
32123
32124
32125
32126
32127
32128
32129
32130
32131
32132
32133
32134
32135
32136
32137
32138
32139
32140
32141
32142
32143
32144
32145
32146
32147
32148
32149
32150
32151
32152
32153
32154
32155
32156
32157
32158
32159
32160
32161
32162
32163
32164
32165
32166
32167
32168
32169
32170
32171
32172
32173
32174
32175
32176
32177
32178
32179
32180
32181
32182
32183
32184
32185
32186
32187
32188
32189
32190
32191
32192
32193
32194
32195
32196
32197
32198
32199
32200
32201
32202
32203
32204
32205
32206
32466
32469
32470
32513
32514
32517
32518
32529
32530
32533
32534
32641
32642
32643
32644
32645
32646
32647
32648
32650
32653
32654
32657
32658
32659
32712
32713
32714
32715
32716
32717
32718
32719
32726
32727
32728
32729
32730
32731
32771
32772
32800
32801
32802
32803
32804
32805
32806
32807
32808
32809
32810
32811
32812
32813
32831
32832
32833
32834
32835
32836
32841
32842
32843
32844
32845
32846
32847
32848
32860
32861
33125
33126
33127
33128
33129
33130
33131
33132
33133
33134
33135
33136
33137
33138
33139
33140
33141
33142
33143
33144
33145
33146
33147
33148
33149
33150
33151
33152
33153
33154
33155
33156
33157
33158
33159
33160
33161
33162
33163
33164
33165
33166
33167
33168
33169
33170
33171
33172
33173
33174
33175
33176
33177
33178
33179
33180
33181
33182
33183
33184
33185
33186
33187
33188
33189
33190
33191
33192
33193
33194
33195
33196
33197
33198
33199
33200
33201
33202
33203
33204
33205
33206
33207
33208
33209
33210
33211
33212
33213
33214
33215
33216
33217
33218
33219
33220
33221
33222
33223
33224
33225
33226
33227
33228
33229
33230
33233
33234
33253
33254
33256
33259
33261
33264
33266
33269
33270
33273
33279
33281
33317
33318
33319
33320
33321
33322
33323
33324
33325
33326
33327
33328
33329
33330
33331
33332
33333
33338
33339
33340
33350
33351
33358
33359
33360
33361
33362
33363
33366
33367
33368
33369
33374
33375
33376
33377
33378
33379
33382
33384
-430
548
-788
-791
-794
-797
-800
-803
-806
-808
1282
-1658
1664
1789
-3656
3774
-3827
3910
3911
-3966
3970
4040
-4105
4176
-4241
4312
-4377
4448
-4513
4573
-6208
-6211
-6214
-6215
6244
-6250
6259
-6268
-6269
7054
7055
-7063
-7067
-7071
-7075
-7079
-7083
-7086
-7090
-8056
-8059
-8062
8073
8077
-8083
-8085
-8093
-8094
-8097
-8098
8111
8114
8473
8474
-9548
-9551
-9554
-9557
-9777
-9778
9803
-9807
-9810
-9813
-9816
-9819
-9822
-9825
-9828
-9831
-9834
-9837
-10798
-10800
10805
10808
10815
-11938
-11941
-11944
-11945
11974
-11980
11989
-11998
-11999
12060
12727
-13196
-13200
-13204
-13207
-13211
-13213
-13215
-13217
13231
-13236
-13237
13254
-13260
13266
-13272
13281
-13306
-13308
-13314
-13316
-13318
-13319
13325
13327
-13351
-13353
13358
13359
-13362
-13364
13370
13374
13377
13417
-13421
-13784
-13788
-13792
-13795
-13799
-13801
-13803
-13805
13819
-13826
-13828
-13830
13850
-13856
13862
-13868
13877
-14407
-14410
-14414
-14416
-14418
-14420
14429
14438
-14444
14453
-14592
-14595
-14598
-14613
-14617
-14619
14633
-14639
-14674
-14677
-14680
-14681
16201
-16240
-16243
-16246
-16248
-16251
16269
-16273
16278
-16284
16288
-16319
-16321
-16324
17181
-17203
-17205
17212
-18646
-18649
-18651
-18654
18667
-18675
-18704
-18706
-18708
-18747
-18750
18982
19039
-19051
-19054
-28511
-28513
-28514
)


// ************************************************************************* //
