/*--------------------------------*- C++ -*----------------------------------*\
| =========                 |                                                 |
| \\      /  F ield         | OpenFOAM: The Open Source CFD Toolbox           |
|  \\    /   O peration     | Version:  2512                                  |
|   \\  /    A nd           | Website:  www.openfoam.com                      |
|    \\/     M anipulation  |                                                 |
\*---------------------------------------------------------------------------*/
FoamFile
{
    version     2.0;
    format      ascii;
    arch        "LSB;label=32;scalar=64";
    note        "nPoints:3278  nCells:2628  nFaces:8491  nInternalFaces:7277";
    class       labelList;
    location    "constant/polyMesh";
    object      neighbour;
}
// * * * * * * * * * * * * * * * * * * * * * * * * * * * * * * * * * * * * * //


7277
(
1
2
3
4
5
6
5
7
8
6
8
9
10
11
12
11
13
14
12
14
15
13
16
17
14
17
18
15
18
19
20
21
22
21
23
24
22
24
25
23
26
27
24
27
28
25
28
29
26
30
31
27
31
32
28
32
33
29
33
34
35
36
37
36
38
39
37
39
40
38
41
42
39
42
43
40
43
44
41
45
46
42
46
47
43
47
48
44
48
49
45
50
51
46
51
52
47
52
53
48
53
54
49
54
55
56
57
56
58
59
57
59
60
58
61
62
59
62
63
60
63
64
61
65
66
62
66
67
63
67
68
64
68
69
65
70
71
66
71
72
67
72
73
68
73
74
69
74
75
70
76
77
71
77
78
72
78
79
73
79
80
74
80
81
82
83
82
84
85
83
85
86
84
87
88
85
88
89
86
89
90
87
91
92
88
92
93
89
93
94
90
94
95
91
96
97
92
97
98
93
98
99
94
99
100
95
100
101
96
102
103
97
103
104
98
104
105
99
105
106
100
106
107
101
107
102
108
109
103
109
110
104
110
111
105
111
112
106
112
113
114
115
114
116
117
115
117
118
116
119
120
117
120
121
118
121
122
119
123
124
120
124
125
121
125
126
122
126
127
123
128
129
124
129
130
125
130
131
126
131
132
127
132
133
128
134
135
129
135
136
130
136
137
131
137
138
132
138
139
133
139
140
134
141
142
135
142
143
136
143
144
137
144
145
138
145
146
139
146
141
147
148
142
148
149
143
149
150
144
150
151
145
151
152
153
154
153
155
156
154
156
157
155
158
159
156
159
160
157
160
161
158
162
163
159
163
164
160
164
165
161
165
166
162
167
168
163
168
169
164
169
170
165
170
171
166
171
172
167
173
174
168
174
175
169
175
176
170
176
177
171
177
178
172
178
179
173
180
181
174
181
182
175
182
183
176
183
184
177
184
185
178
185
186
179
186
187
180
188
189
181
189
190
182
190
191
183
191
192
184
192
193
185
193
188
194
195
189
195
196
190
196
197
191
197
198
192
198
199
200
201
200
202
203
201
203
204
202
205
206
203
206
207
204
207
208
205
209
210
206
210
211
207
211
212
208
212
213
209
214
215
210
215
216
211
216
217
212
217
218
213
218
219
214
220
221
215
221
222
216
222
223
217
223
224
218
224
225
219
225
226
220
227
228
221
228
229
222
229
230
223
230
231
224
231
232
225
232
233
226
233
234
227
235
236
228
236
237
229
237
238
230
238
239
231
239
240
232
240
241
233
241
242
234
242
243
235
244
245
236
245
246
237
246
247
238
247
248
239
248
249
240
249
244
250
245
250
251
246
251
252
247
252
253
248
253
254
255
256
255
257
258
256
258
259
257
260
261
258
261
262
259
262
263
260
264
265
261
265
266
262
266
267
263
267
268
264
269
270
265
270
271
266
271
272
267
272
273
268
273
274
269
275
276
270
276
277
271
277
278
272
278
279
273
279
280
274
280
281
275
282
283
276
283
284
277
284
285
278
285
286
279
286
287
280
287
288
281
288
289
282
290
291
283
291
292
284
292
293
285
293
294
286
294
295
287
295
296
288
296
297
289
297
298
290
299
300
291
300
301
292
301
302
293
302
303
294
303
304
295
304
305
296
305
306
297
306
307
298
307
308
299
309
300
309
310
301
310
311
302
311
312
303
312
313
304
313
309
314
310
314
315
311
315
316
312
316
317
318
319
318
320
321
319
321
322
320
323
324
321
324
325
322
325
326
323
327
328
324
328
329
325
329
330
326
330
331
327
332
333
328
333
334
329
334
335
330
335
336
331
336
337
332
338
339
333
339
340
334
340
341
335
341
342
336
342
343
337
343
344
338
345
346
339
346
347
340
347
348
341
348
349
342
349
350
343
350
351
344
351
352
345
353
354
346
354
355
347
355
356
348
356
357
349
357
358
350
358
359
351
359
360
352
360
361
353
362
363
354
363
364
355
364
365
356
365
366
357
366
367
358
367
368
359
368
369
360
369
370
361
370
371
362
372
363
372
373
364
373
374
365
374
375
366
375
376
367
376
377
368
377
378
369
378
379
370
379
380
371
380
381
372
382
373
382
383
374
383
384
375
384
385
376
385
382
386
383
386
387
384
387
388
389
390
389
391
392
390
392
393
391
394
395
392
395
396
393
396
397
394
398
399
395
399
400
396
400
401
397
401
402
398
403
404
399
404
405
400
405
406
401
406
407
402
407
408
403
409
410
404
410
411
405
411
412
406
412
413
407
413
414
408
414
415
409
416
417
410
417
418
411
418
419
412
419
420
413
420
421
414
421
422
415
422
423
416
424
425
417
425
426
418
426
427
419
427
428
420
428
429
421
429
430
422
430
431
423
431
432
424
433
434
425
434
435
426
435
436
427
436
437
428
437
438
429
438
439
430
439
440
431
440
441
432
441
442
433
443
434
443
444
435
444
445
436
445
446
437
446
447
438
447
448
439
448
449
440
449
450
441
450
451
442
451
452
443
453
444
453
454
445
454
455
446
455
456
447
456
457
448
457
458
449
458
459
450
459
460
451
460
461
452
461
462
453
463
454
463
464
455
464
465
456
465
463
466
464
466
467
468
469
468
470
471
469
471
472
470
473
474
471
474
475
472
475
476
473
477
478
474
478
479
475
479
480
476
480
481
477
482
483
478
483
484
479
484
485
480
485
486
481
486
487
482
488
489
483
489
490
484
490
491
485
491
492
486
492
493
487
493
494
488
495
496
489
496
497
490
497
498
491
498
499
492
499
500
493
500
501
494
501
502
495
503
504
496
504
505
497
505
506
498
506
507
499
507
508
500
508
509
501
509
510
502
510
511
503
512
513
504
513
514
505
514
515
506
515
516
507
516
517
508
517
518
509
518
519
510
519
520
511
520
521
512
522
513
522
523
514
523
524
515
524
525
516
525
526
517
526
527
518
527
528
519
528
529
520
529
530
521
530
531
522
532
523
532
533
524
533
534
525
534
535
526
535
536
527
536
537
528
537
538
529
538
539
530
539
540
531
540
541
532
542
533
542
543
534
543
544
535
544
545
536
545
546
537
546
547
538
547
548
539
548
549
540
549
550
541
550
551
542
552
543
552
553
544
553
552
554
555
556
555
557
558
556
558
559
557
560
561
558
561
562
559
562
563
560
564
565
561
565
566
562
566
567
563
567
568
564
569
570
565
570
571
566
571
572
567
572
573
568
573
574
569
575
576
570
576
577
571
577
578
572
578
579
573
579
580
574
580
581
575
582
583
576
583
584
577
584
585
578
585
586
579
586
587
580
587
588
581
588
589
582
590
591
583
591
592
584
592
593
585
593
594
586
594
595
587
595
596
588
596
597
589
597
598
590
599
600
591
600
601
592
601
602
593
602
603
594
603
604
595
604
605
596
605
606
597
606
607
598
607
608
599
609
600
609
610
601
610
611
602
611
612
603
612
613
604
613
614
605
614
615
606
615
616
607
616
617
608
617
618
609
619
610
619
620
611
620
621
612
621
622
613
622
623
614
623
624
615
624
625
616
625
626
617
626
627
618
627
628
619
629
620
629
630
621
630
631
622
631
632
623
632
633
624
633
634
625
634
635
626
635
636
627
636
637
628
637
638
629
639
630
639
640
631
640
641
632
641
642
633
642
643
634
643
644
635
644
645
636
645
646
637
646
647
638
647
648
639
649
640
649
650
651
650
652
653
651
653
654
652
655
656
653
656
657
654
657
658
655
659
660
656
660
661
657
661
662
658
662
663
659
664
665
660
665
666
661
666
667
662
667
668
663
668
669
664
670
671
665
671
672
666
672
673
667
673
674
668
674
675
669
675
676
670
677
678
671
678
679
672
679
680
673
680
681
674
681
682
675
682
683
676
683
684
677
685
686
678
686
687
679
687
688
680
688
689
681
689
690
682
690
691
683
691
692
684
692
693
685
694
695
686
695
696
687
696
697
688
697
698
689
698
699
690
699
700
691
700
701
692
701
702
693
702
703
694
704
695
704
705
696
705
706
697
706
707
698
707
708
699
708
709
700
709
710
701
710
711
702
711
712
703
712
713
704
714
705
714
715
706
715
716
707
716
717
708
717
718
709
718
719
710
719
720
711
720
721
712
721
722
713
722
723
714
724
715
724
725
716
725
726
717
726
727
718
727
728
719
728
729
720
729
730
721
730
731
722
731
732
723
732
733
724
734
725
734
735
726
735
736
727
736
737
728
737
738
729
738
739
730
739
740
731
740
741
732
741
742
733
742
743
734
744
735
744
745
736
745
746
737
746
747
738
747
748
739
748
749
740
749
750
741
750
751
742
751
752
743
752
753
744
754
755
755
756
754
757
758
755
758
759
756
759
760
757
761
762
758
762
763
759
763
764
760
764
765
761
766
767
762
767
768
763
768
769
764
769
770
765
770
771
766
772
773
767
773
774
768
774
775
769
775
776
770
776
777
771
777
778
772
779
780
773
780
781
774
781
782
775
782
783
776
783
784
777
784
785
778
785
786
779
787
788
780
788
789
781
789
790
782
790
791
783
791
792
784
792
793
785
793
794
786
794
795
787
796
797
788
797
798
789
798
799
790
799
800
791
800
801
792
801
802
793
802
803
794
803
804
795
804
805
796
806
797
806
807
798
807
808
799
808
809
800
809
810
801
810
811
802
811
812
803
812
813
804
813
814
805
814
815
806
816
807
816
817
808
817
818
809
818
819
810
819
820
811
820
821
812
821
822
813
822
823
814
823
824
815
824
825
816
826
817
826
827
818
827
828
819
828
829
820
829
830
821
830
831
822
831
832
823
832
833
824
833
834
825
834
835
826
836
827
836
837
828
837
838
829
838
839
830
839
840
831
840
841
832
841
842
833
842
843
834
843
844
835
844
845
836
846
837
846
847
838
847
848
839
848
849
840
849
850
841
850
851
842
851
852
843
852
853
844
853
854
845
854
855
846
856
847
856
857
848
857
858
849
858
859
850
859
860
851
860
861
852
861
862
853
862
863
854
863
864
855
864
865
866
867
867
868
868
869
866
870
871
867
871
872
868
872
873
869
873
874
870
875
876
871
876
877
872
877
878
873
878
879
874
879
880
875
881
882
876
882
883
877
883
884
878
884
885
879
885
886
880
886
887
881
888
889
882
889
890
883
890
891
884
891
892
885
892
893
886
893
894
887
894
895
888
896
897
889
897
898
890
898
899
891
899
900
892
900
901
893
901
902
894
902
903
895
903
904
896
905
906
897
906
907
898
907
908
899
908
909
900
909
910
901
910
911
902
911
912
903
912
913
904
913
914
905
915
906
915
916
907
916
917
908
917
918
909
918
919
910
919
920
911
920
921
912
921
922
913
922
923
914
923
924
915
925
916
925
926
917
926
927
918
927
928
919
928
929
920
929
930
921
930
931
922
931
932
923
932
933
924
933
934
925
935
926
935
936
927
936
937
928
937
938
929
938
939
930
939
940
931
940
941
932
941
942
933
942
943
934
943
944
935
945
936
945
946
937
946
947
938
947
948
939
948
949
940
949
950
941
950
951
942
951
952
943
952
953
944
953
954
945
955
946
955
956
947
956
957
948
957
958
949
958
959
950
959
960
951
960
961
952
961
962
953
962
963
954
963
964
955
965
956
965
966
957
966
967
958
967
968
959
968
969
960
969
970
961
970
971
962
971
972
963
972
973
964
973
974
965
975
966
975
976
967
976
977
968
977
978
969
978
979
970
979
980
971
980
981
972
981
982
973
982
983
974
983
984
985
986
986
987
987
988
988
989
985
990
991
986
991
992
987
992
993
988
993
994
989
994
995
990
996
997
991
997
998
992
998
999
993
999
1000
994
1000
1001
995
1001
1002
996
1003
1004
997
1004
1005
998
1005
1006
999
1006
1007
1000
1007
1008
1001
1008
1009
1002
1009
1010
1003
1011
1012
1004
1012
1013
1005
1013
1014
1006
1014
1015
1007
1015
1016
1008
1016
1017
1009
1017
1018
1010
1018
1019
1011
1020
1021
1012
1021
1022
1013
1022
1023
1014
1023
1024
1015
1024
1025
1016
1025
1026
1017
1026
1027
1018
1027
1028
1019
1028
1029
1020
1030
1021
1030
1031
1022
1031
1032
1023
1032
1033
1024
1033
1034
1025
1034
1035
1026
1035
1036
1027
1036
1037
1028
1037
1038
1029
1038
1039
1030
1040
1031
1040
1041
1032
1041
1042
1033
1042
1043
1034
1043
1044
1035
1044
1045
1036
1045
1046
1037
1046
1047
1038
1047
1048
1039
1048
1049
1040
1050
1041
1050
1051
1042
1051
1052
1043
1052
1053
1044
1053
1054
1045
1054
1055
1046
1055
1056
1047
1056
1057
1048
1057
1058
1049
1058
1059
1050
1060
1051
1060
1061
1052
1061
1062
1053
1062
1063
1054
1063
1064
1055
1064
1065
1056
1065
1066
1057
1066
1067
1058
1067
1068
1059
1068
1069
1060
1070
1061
1070
1071
1062
1071
1072
1063
1072
1073
1064
1073
1074
1065
1074
1075
1066
1075
1076
1067
1076
1077
1068
1077
1078
1069
1078
1079
1070
1080
1071
1080
1081
1072
1081
1082
1073
1082
1083
1074
1083
1084
1075
1084
1085
1076
1085
1086
1077
1086
1087
1078
1087
1088
1079
1088
1089
1080
1090
1081
1090
1091
1082
1091
1092
1083
1092
1093
1084
1093
1094
1085
1094
1095
1086
1095
1096
1087
1096
1097
1088
1097
1098
1089
1098
1099
1090
1100
1091
1100
1101
1092
1101
1102
1093
1102
1103
1094
1103
1104
1095
1104
1105
1096
1105
1106
1097
1106
1107
1098
1107
1099
1108
1109
1110
1110
1111
1111
1112
1112
1113
1113
1114
1109
1115
1116
1110
1116
1117
1111
1117
1118
1112
1118
1119
1113
1119
1120
1114
1120
1121
1115
1122
1123
1116
1123
1124
1117
1124
1125
1118
1125
1126
1119
1126
1127
1120
1127
1128
1121
1128
1129
1122
1130
1131
1123
1131
1132
1124
1132
1133
1125
1133
1134
1126
1134
1135
1127
1135
1136
1128
1136
1137
1129
1137
1138
1130
1139
1140
1131
1140
1141
1132
1141
1142
1133
1142
1143
1134
1143
1144
1135
1144
1145
1136
1145
1146
1137
1146
1147
1138
1147
1148
1139
1149
1140
1149
1150
1141
1150
1151
1142
1151
1152
1143
1152
1153
1144
1153
1154
1145
1154
1155
1146
1155
1156
1147
1156
1157
1148
1157
1158
1149
1159
1150
1159
1160
1151
1160
1161
1152
1161
1162
1153
1162
1163
1154
1163
1164
1155
1164
1165
1156
1165
1166
1157
1166
1167
1158
1167
1168
1159
1169
1160
1169
1170
1161
1170
1171
1162
1171
1172
1163
1172
1173
1164
1173
1174
1165
1174
1175
1166
1175
1176
1167
1176
1177
1168
1177
1178
1169
1179
1170
1179
1180
1171
1180
1181
1172
1181
1182
1173
1182
1183
1174
1183
1184
1175
1184
1185
1176
1185
1186
1177
1186
1187
1178
1187
1188
1179
1189
1180
1189
1190
1181
1190
1191
1182
1191
1192
1183
1192
1193
1184
1193
1194
1185
1194
1195
1186
1195
1196
1187
1196
1197
1188
1197
1198
1189
1199
1190
1199
1200
1191
1200
1201
1192
1201
1202
1193
1202
1203
1194
1203
1204
1195
1204
1205
1196
1205
1206
1197
1206
1207
1198
1207
1208
1199
1209
1200
1209
1210
1201
1210
1211
1202
1211
1212
1203
1212
1213
1204
1213
1214
1205
1214
1215
1206
1215
1216
1207
1216
1217
1208
1217
1218
1209
1219
1210
1219
1220
1211
1220
1221
1212
1221
1222
1213
1222
1223
1214
1223
1224
1215
1224
1225
1216
1225
1226
1217
1226
1227
1218
1227
1228
1219
1229
1220
1229
1230
1221
1230
1231
1222
1231
1232
1223
1232
1233
1224
1233
1234
1225
1234
1235
1226
1235
1236
1228
1237
1238
1239
1239
1240
1240
1241
1241
1242
1242
1243
1243
1244
1238
1245
1246
1239
1246
1247
1240
1247
1248
1241
1248
1249
1242
1249
1250
1243
1250
1251
1244
1251
1252
1245
1253
1254
1246
1254
1255
1247
1255
1256
1248
1256
1257
1249
1257
1258
1250
1258
1259
1251
1259
1260
1252
1260
1261
1253
1262
1263
1254
1263
1264
1255
1264
1265
1256
1265
1266
1257
1266
1267
1258
1267
1268
1259
1268
1269
1260
1269
1270
1261
1270
1271
1262
1272
1263
1272
1273
1264
1273
1274
1265
1274
1275
1266
1275
1276
1267
1276
1277
1268
1277
1278
1269
1278
1279
1270
1279
1280
1271
1280
1281
1272
1282
1273
1282
1283
1274
1283
1284
1275
1284
1285
1276
1285
1286
1277
1286
1287
1278
1287
1288
1279
1288
1289
1280
1289
1290
1281
1290
1291
1282
1292
1283
1292
1293
1284
1293
1294
1285
1294
1295
1286
1295
1296
1287
1296
1297
1288
1297
1298
1289
1298
1299
1290
1299
1300
1291
1300
1301
1292
1302
1293
1302
1303
1294
1303
1304
1295
1304
1305
1296
1305
1306
1297
1306
1307
1298
1307
1308
1299
1308
1309
1300
1309
1310
1301
1310
1311
1302
1312
1303
1312
1313
1304
1313
1314
1305
1314
1315
1306
1315
1316
1307
1316
1317
1308
1317
1318
1309
1318
1319
1310
1319
1320
1311
1320
1321
1312
1322
1313
1322
1323
1314
1323
1324
1315
1324
1325
1316
1325
1326
1317
1326
1327
1318
1327
1328
1319
1328
1329
1320
1329
1330
1321
1330
1331
1322
1332
1323
1332
1333
1324
1333
1334
1325
1334
1335
1326
1335
1336
1327
1336
1337
1328
1337
1338
1329
1338
1339
1330
1339
1340
1331
1340
1341
1332
1342
1333
1342
1343
1334
1343
1344
1335
1344
1345
1336
1345
1346
1337
1346
1347
1338
1347
1348
1339
1348
1349
1340
1349
1350
1341
1350
1351
1342
1352
1343
1352
1353
1344
1353
1354
1345
1354
1355
1346
1355
1356
1347
1356
1357
1348
1357
1358
1349
1358
1359
1350
1359
1360
1351
1360
1352
1361
1353
1361
1362
1354
1362
1363
1355
1363
1364
1356
1364
1365
1357
1365
1366
1358
1366
1367
1359
1367
1368
1360
1368
1369
1370
1370
1371
1371
1372
1372
1373
1373
1374
1374
1375
1375
1376
1369
1377
1378
1370
1378
1379
1371
1379
1380
1372
1380
1381
1373
1381
1382
1374
1382
1383
1375
1383
1384
1376
1384
1385
1377
1386
1387
1378
1387
1388
1379
1388
1389
1380
1389
1390
1381
1390
1391
1382
1391
1392
1383
1392
1393
1384
1393
1394
1385
1394
1395
1386
1396
1387
1396
1397
1388
1397
1398
1389
1398
1399
1390
1399
1400
1391
1400
1401
1392
1401
1402
1393
1402
1403
1394
1403
1404
1395
1404
1405
1396
1406
1397
1406
1407
1398
1407
1408
1399
1408
1409
1400
1409
1410
1401
1410
1411
1402
1411
1412
1403
1412
1413
1404
1413
1414
1405
1414
1415
1406
1416
1407
1416
1417
1408
1417
1418
1409
1418
1419
1410
1419
1420
1411
1420
1421
1412
1421
1422
1413
1422
1423
1414
1423
1424
1415
1424
1425
1416
1426
1417
1426
1427
1418
1427
1428
1419
1428
1429
1420
1429
1430
1421
1430
1431
1422
1431
1432
1423
1432
1433
1424
1433
1434
1425
1434
1435
1426
1436
1427
1436
1437
1428
1437
1438
1429
1438
1439
1430
1439
1440
1431
1440
1441
1432
1441
1442
1433
1442
1443
1434
1443
1444
1435
1444
1445
1436
1446
1437
1446
1447
1438
1447
1448
1439
1448
1449
1440
1449
1450
1441
1450
1451
1442
1451
1452
1443
1452
1453
1444
1453
1454
1445
1454
1455
1446
1456
1447
1456
1457
1448
1457
1458
1449
1458
1459
1450
1459
1460
1451
1460
1461
1452
1461
1462
1453
1462
1463
1454
1463
1464
1455
1464
1465
1456
1466
1457
1466
1467
1458
1467
1468
1459
1468
1469
1460
1469
1470
1461
1470
1471
1462
1471
1472
1463
1472
1473
1464
1473
1474
1465
1474
1475
1466
1476
1467
1476
1477
1468
1477
1478
1469
1478
1479
1470
1479
1480
1471
1480
1481
1472
1481
1482
1473
1482
1483
1474
1483
1484
1475
1484
1476
1485
1477
1485
1486
1478
1486
1487
1479
1487
1488
1480
1488
1489
1481
1489
1490
1482
1490
1491
1483
1491
1492
1484
1492
1485
1493
1486
1493
1494
1487
1494
1495
1488
1495
1496
1489
1496
1497
1490
1497
1498
1491
1498
1499
1492
1499
1500
1501
1501
1502
1502
1503
1503
1504
1504
1505
1505
1506
1506
1507
1507
1508
1500
1509
1510
1501
1510
1511
1502
1511
1512
1503
1512
1513
1504
1513
1514
1505
1514
1515
1506
1515
1516
1507
1516
1517
1508
1517
1518
1509
1519
1510
1519
1520
1511
1520
1521
1512
1521
1522
1513
1522
1523
1514
1523
1524
1515
1524
1525
1516
1525
1526
1517
1526
1527
1518
1527
1528
1519
1529
1520
1529
1530
1521
1530
1531
1522
1531
1532
1523
1532
1533
1524
1533
1534
1525
1534
1535
1526
1535
1536
1527
1536
1537
1528
1537
1538
1529
1539
1530
1539
1540
1531
1540
1541
1532
1541
1542
1533
1542
1543
1534
1543
1544
1535
1544
1545
1536
1545
1546
1537
1546
1547
1538
1547
1548
1539
1549
1540
1549
1550
1541
1550
1551
1542
1551
1552
1543
1552
1553
1544
1553
1554
1545
1554
1555
1546
1555
1556
1547
1556
1557
1548
1557
1558
1549
1559
1550
1559
1560
1551
1560
1561
1552
1561
1562
1553
1562
1563
1554
1563
1564
1555
1564
1565
1556
1565
1566
1557
1566
1567
1558
1567
1568
1559
1569
1560
1569
1570
1561
1570
1571
1562
1571
1572
1563
1572
1573
1564
1573
1574
1565
1574
1575
1566
1575
1576
1567
1576
1577
1568
1577
1578
1569
1579
1570
1579
1580
1571
1580
1581
1572
1581
1582
1573
1582
1583
1574
1583
1584
1575
1584
1585
1576
1585
1586
1577
1586
1587
1578
1587
1588
1579
1589
1580
1589
1590
1581
1590
1591
1582
1591
1592
1583
1592
1593
1584
1593
1594
1585
1594
1595
1586
1595
1596
1587
1596
1597
1588
1597
1598
1589
1599
1590
1599
1600
1591
1600
1601
1592
1601
1602
1593
1602
1603
1594
1603
1604
1595
1604
1605
1596
1605
1606
1597
1606
1607
1598
1607
1599
1608
1600
1608
1609
1601
1609
1610
1602
1610
1611
1603
1611
1612
1604
1612
1613
1605
1613
1614
1606
1614
1615
1607
1615
1608
1616
1609
1616
1617
1610
1617
1618
1611
1618
1619
1612
1619
1620
1613
1620
1621
1614
1621
1622
1615
1622
1616
1623
1617
1623
1624
1618
1624
1625
1619
1625
1626
1620
1626
1627
1621
1627
1628
1622
1628
1629
1630
1630
1631
1631
1632
1632
1633
1633
1634
1634
1635
1635
1636
1636
1637
1637
1638
1629
1639
1630
1639
1640
1631
1640
1641
1632
1641
1642
1633
1642
1643
1634
1643
1644
1635
1644
1645
1636
1645
1646
1637
1646
1647
1638
1647
1648
1639
1649
1640
1649
1650
1641
1650
1651
1642
1651
1652
1643
1652
1653
1644
1653
1654
1645
1654
1655
1646
1655
1656
1647
1656
1657
1648
1657
1658
1649
1659
1650
1659
1660
1651
1660
1661
1652
1661
1662
1653
1662
1663
1654
1663
1664
1655
1664
1665
1656
1665
1666
1657
1666
1667
1658
1667
1668
1659
1669
1660
1669
1670
1661
1670
1671
1662
1671
1672
1663
1672
1673
1664
1673
1674
1665
1674
1675
1666
1675
1676
1667
1676
1677
1668
1677
1678
1669
1679
1670
1679
1680
1671
1680
1681
1672
1681
1682
1673
1682
1683
1674
1683
1684
1675
1684
1685
1676
1685
1686
1677
1686
1687
1678
1687
1688
1679
1689
1680
1689
1690
1681
1690
1691
1682
1691
1692
1683
1692
1693
1684
1693
1694
1685
1694
1695
1686
1695
1696
1687
1696
1697
1688
1697
1698
1689
1699
1690
1699
1700
1691
1700
1701
1692
1701
1702
1693
1702
1703
1694
1703
1704
1695
1704
1705
1696
1705
1706
1697
1706
1707
1698
1707
1708
1699
1709
1700
1709
1710
1701
1710
1711
1702
1711
1712
1703
1712
1713
1704
1713
1714
1705
1714
1715
1706
1715
1716
1707
1716
1717
1708
1717
1718
1709
1719
1710
1719
1720
1711
1720
1721
1712
1721
1722
1713
1722
1723
1714
1723
1724
1715
1724
1725
1716
1725
1726
1717
1726
1727
1718
1727
1719
1728
1720
1728
1729
1721
1729
1730
1722
1730
1731
1723
1731
1732
1724
1732
1733
1725
1733
1734
1726
1734
1735
1727
1735
1728
1736
1729
1736
1737
1730
1737
1738
1731
1738
1739
1732
1739
1740
1733
1740
1741
1734
1741
1742
1735
1742
1736
1743
1737
1743
1744
1738
1744
1745
1739
1745
1746
1740
1746
1747
1741
1747
1748
1742
1748
1743
1749
1744
1749
1750
1745
1750
1751
1746
1751
1752
1747
1752
1753
1748
1753
1754
1754
1755
1755
1756
1756
1757
1757
1758
1758
1759
1759
1760
1760
1761
1761
1762
1762
1763
1754
1764
1755
1764
1765
1756
1765
1766
1757
1766
1767
1758
1767
1768
1759
1768
1769
1760
1769
1770
1761
1770
1771
1762
1771
1772
1763
1772
1773
1764
1774
1765
1774
1775
1766
1775
1776
1767
1776
1777
1768
1777
1778
1769
1778
1779
1770
1779
1780
1771
1780
1781
1772
1781
1782
1773
1782
1783
1774
1784
1775
1784
1785
1776
1785
1786
1777
1786
1787
1778
1787
1788
1779
1788
1789
1780
1789
1790
1781
1790
1791
1782
1791
1792
1783
1792
1793
1784
1794
1785
1794
1795
1786
1795
1796
1787
1796
1797
1788
1797
1798
1789
1798
1799
1790
1799
1800
1791
1800
1801
1792
1801
1802
1793
1802
1803
1794
1804
1795
1804
1805
1796
1805
1806
1797
1806
1807
1798
1807
1808
1799
1808
1809
1800
1809
1810
1801
1810
1811
1802
1811
1812
1803
1812
1813
1804
1814
1805
1814
1815
1806
1815
1816
1807
1816
1817
1808
1817
1818
1809
1818
1819
1810
1819
1820
1811
1820
1821
1812
1821
1822
1813
1822
1823
1814
1824
1815
1824
1825
1816
1825
1826
1817
1826
1827
1818
1827
1828
1819
1828
1829
1820
1829
1830
1821
1830
1831
1822
1831
1832
1823
1832
1833
1824
1834
1825
1834
1835
1826
1835
1836
1827
1836
1837
1828
1837
1838
1829
1838
1839
1830
1839
1840
1831
1840
1841
1832
1841
1842
1833
1842
1834
1843
1835
1843
1844
1836
1844
1845
1837
1845
1846
1838
1846
1847
1839
1847
1848
1840
1848
1849
1841
1849
1850
1842
1850
1843
1851
1844
1851
1852
1845
1852
1853
1846
1853
1854
1847
1854
1855
1848
1855
1856
1849
1856
1857
1850
1857
1851
1858
1852
1858
1859
1853
1859
1860
1854
1860
1861
1855
1861
1862
1856
1862
1863
1857
1863
1858
1864
1859
1864
1865
1860
1865
1866
1861
1866
1867
1862
1867
1868
1863
1868
1864
1869
1865
1869
1870
1866
1870
1871
1867
1871
1872
1868
1872
1873
1873
1874
1874
1875
1875
1876
1876
1877
1877
1878
1878
1879
1879
1880
1880
1881
1881
1882
1873
1883
1874
1883
1884
1875
1884
1885
1876
1885
1886
1877
1886
1887
1878
1887
1888
1879
1888
1889
1880
1889
1890
1881
1890
1891
1882
1891
1892
1883
1893
1884
1893
1894
1885
1894
1895
1886
1895
1896
1887
1896
1897
1888
1897
1898
1889
1898
1899
1890
1899
1900
1891
1900
1901
1892
1901
1902
1893
1903
1894
1903
1904
1895
1904
1905
1896
1905
1906
1897
1906
1907
1898
1907
1908
1899
1908
1909
1900
1909
1910
1901
1910
1911
1902
1911
1912
1903
1913
1904
1913
1914
1905
1914
1915
1906
1915
1916
1907
1916
1917
1908
1917
1918
1909
1918
1919
1910
1919
1920
1911
1920
1921
1912
1921
1922
1913
1923
1914
1923
1924
1915
1924
1925
1916
1925
1926
1917
1926
1927
1918
1927
1928
1919
1928
1929
1920
1929
1930
1921
1930
1931
1922
1931
1932
1923
1933
1924
1933
1934
1925
1934
1935
1926
1935
1936
1927
1936
1937
1928
1937
1938
1929
1938
1939
1930
1939
1940
1931
1940
1941
1932
1941
1942
1933
1943
1934
1943
1944
1935
1944
1945
1936
1945
1946
1937
1946
1947
1938
1947
1948
1939
1948
1949
1940
1949
1950
1941
1950
1951
1942
1951
1943
1952
1944
1952
1953
1945
1953
1954
1946
1954
1955
1947
1955
1956
1948
1956
1957
1949
1957
1958
1950
1958
1959
1951
1959
1952
1960
1953
1960
1961
1954
1961
1962
1955
1962
1963
1956
1963
1964
1957
1964
1965
1958
1965
1966
1959
1966
1960
1967
1961
1967
1968
1962
1968
1969
1963
1969
1970
1964
1970
1971
1965
1971
1972
1966
1972
1967
1973
1968
1973
1974
1969
1974
1975
1970
1975
1976
1971
1976
1977
1972
1977
1973
1978
1974
1978
1979
1975
1979
1980
1976
1980
1981
1977
1981
1978
1982
1979
1982
1980
1983
1981
1983
1984
1984
1985
1985
1986
1986
1987
1987
1988
1988
1989
1989
1990
1990
1991
1991
1992
1992
1993
1984
1994
1985
1994
1995
1986
1995
1996
1987
1996
1997
1988
1997
1998
1989
1998
1999
1990
1999
2000
1991
2000
2001
1992
2001
2002
1993
2002
2003
1994
2004
1995
2004
2005
1996
2005
2006
1997
2006
2007
1998
2007
2008
1999
2008
2009
2000
2009
2010
2001
2010
2011
2002
2011
2012
2003
2012
2013
2004
2014
2005
2014
2015
2006
2015
2016
2007
2016
2017
2008
2017
2018
2009
2018
2019
2010
2019
2020
2011
2020
2021
2012
2021
2022
2013
2022
2023
2014
2024
2015
2024
2025
2016
2025
2026
2017
2026
2027
2018
2027
2028
2019
2028
2029
2020
2029
2030
2021
2030
2031
2022
2031
2032
2023
2032
2033
2024
2034
2025
2034
2035
2026
2035
2036
2027
2036
2037
2028
2037
2038
2029
2038
2039
2030
2039
2040
2031
2040
2041
2032
2041
2042
2033
2042
2043
2034
2044
2035
2044
2045
2036
2045
2046
2037
2046
2047
2038
2047
2048
2039
2048
2049
2040
2049
2050
2041
2050
2051
2042
2051
2052
2043
2052
2044
2053
2045
2053
2054
2046
2054
2055
2047
2055
2056
2048
2056
2057
2049
2057
2058
2050
2058
2059
2051
2059
2060
2052
2060
2053
2061
2054
2061
2062
2055
2062
2063
2056
2063
2064
2057
2064
2065
2058
2065
2066
2059
2066
2067
2060
2067
2061
2068
2062
2068
2069
2063
2069
2070
2064
2070
2071
2065
2071
2072
2066
2072
2073
2067
2073
2068
2074
2069
2074
2075
2070
2075
2076
2071
2076
2077
2072
2077
2078
2073
2078
2074
2079
2075
2079
2080
2076
2080
2081
2077
2081
2082
2078
2082
2079
2083
2080
2083
2084
2081
2084
2085
2082
2085
2083
2086
2085
2087
2088
2088
2089
2089
2090
2090
2091
2091
2092
2092
2093
2093
2094
2094
2095
2095
2096
2096
2097
2088
2098
2089
2098
2099
2090
2099
2100
2091
2100
2101
2092
2101
2102
2093
2102
2103
2094
2103
2104
2095
2104
2105
2096
2105
2106
2097
2106
2107
2098
2108
2099
2108
2109
2100
2109
2110
2101
2110
2111
2102
2111
2112
2103
2112
2113
2104
2113
2114
2105
2114
2115
2106
2115
2116
2107
2116
2117
2108
2118
2109
2118
2119
2110
2119
2120
2111
2120
2121
2112
2121
2122
2113
2122
2123
2114
2123
2124
2115
2124
2125
2116
2125
2126
2117
2126
2127
2118
2128
2119
2128
2129
2120
2129
2130
2121
2130
2131
2122
2131
2132
2123
2132
2133
2124
2133
2134
2125
2134
2135
2126
2135
2136
2127
2136
2137
2128
2138
2129
2138
2139
2130
2139
2140
2131
2140
2141
2132
2141
2142
2133
2142
2143
2134
2143
2144
2135
2144
2145
2136
2145
2146
2137
2146
2138
2147
2139
2147
2148
2140
2148
2149
2141
2149
2150
2142
2150
2151
2143
2151
2152
2144
2152
2153
2145
2153
2154
2146
2154
2147
2155
2148
2155
2156
2149
2156
2157
2150
2157
2158
2151
2158
2159
2152
2159
2160
2153
2160
2161
2154
2161
2155
2162
2156
2162
2163
2157
2163
2164
2158
2164
2165
2159
2165
2166
2160
2166
2167
2161
2167
2162
2168
2163
2168
2169
2164
2169
2170
2165
2170
2171
2166
2171
2172
2167
2172
2168
2173
2169
2173
2174
2170
2174
2175
2171
2175
2176
2172
2176
2173
2177
2174
2177
2178
2175
2178
2179
2176
2179
2177
2180
2178
2180
2181
2179
2181
2180
2182
2181
2182
2183
2183
2184
2184
2185
2185
2186
2186
2187
2187
2188
2188
2189
2189
2190
2190
2191
2191
2192
2183
2193
2184
2193
2194
2185
2194
2195
2186
2195
2196
2187
2196
2197
2188
2197
2198
2189
2198
2199
2190
2199
2200
2191
2200
2201
2192
2201
2202
2193
2203
2194
2203
2204
2195
2204
2205
2196
2205
2206
2197
2206
2207
2198
2207
2208
2199
2208
2209
2200
2209
2210
2201
2210
2211
2202
2211
2212
2203
2213
2204
2213
2214
2205
2214
2215
2206
2215
2216
2207
2216
2217
2208
2217
2218
2209
2218
2219
2210
2219
2220
2211
2220
2221
2212
2221
2222
2213
2223
2214
2223
2224
2215
2224
2225
2216
2225
2226
2217
2226
2227
2218
2227
2228
2219
2228
2229
2220
2229
2230
2221
2230
2231
2222
2231
2223
2232
2224
2232
2233
2225
2233
2234
2226
2234
2235
2227
2235
2236
2228
2236
2237
2229
2237
2238
2230
2238
2239
2231
2239
2232
2240
2233
2240
2241
2234
2241
2242
2235
2242
2243
2236
2243
2244
2237
2244
2245
2238
2245
2246
2239
2246
2240
2247
2241
2247
2248
2242
2248
2249
2243
2249
2250
2244
2250
2251
2245
2251
2252
2246
2252
2247
2253
2248
2253
2254
2249
2254
2255
2250
2255
2256
2251
2256
2257
2252
2257
2253
2258
2254
2258
2259
2255
2259
2260
2256
2260
2261
2257
2261
2258
2262
2259
2262
2263
2260
2263
2264
2261
2264
2262
2265
2263
2265
2266
2264
2266
2265
2267
2266
2267
2267
2268
2268
2269
2269
2270
2270
2271
2271
2272
2272
2273
2273
2274
2274
2275
2275
2276
2276
2277
2268
2278
2269
2278
2279
2270
2279
2280
2271
2280
2281
2272
2281
2282
2273
2282
2283
2274
2283
2284
2275
2284
2285
2276
2285
2286
2277
2286
2287
2278
2288
2279
2288
2289
2280
2289
2290
2281
2290
2291
2282
2291
2292
2283
2292
2293
2284
2293
2294
2285
2294
2295
2286
2295
2296
2287
2296
2297
2288
2298
2289
2298
2299
2290
2299
2300
2291
2300
2301
2292
2301
2302
2293
2302
2303
2294
2303
2304
2295
2304
2305
2296
2305
2306
2297
2306
2298
2307
2299
2307
2308
2300
2308
2309
2301
2309
2310
2302
2310
2311
2303
2311
2312
2304
2312
2313
2305
2313
2314
2306
2314
2307
2315
2308
2315
2316
2309
2316
2317
2310
2317
2318
2311
2318
2319
2312
2319
2320
2313
2320
2321
2314
2321
2315
2322
2316
2322
2323
2317
2323
2324
2318
2324
2325
2319
2325
2326
2320
2326
2327
2321
2327
2322
2328
2323
2328
2329
2324
2329
2330
2325
2330
2331
2326
2331
2332
2327
2332
2328
2333
2329
2333
2334
2330
2334
2335
2331
2335
2336
2332
2336
2333
2337
2334
2337
2338
2335
2338
2339
2336
2339
2337
2340
2338
2340
2341
2339
2341
2340
2342
2341
2342
2342
2343
2343
2344
2344
2345
2345
2346
2346
2347
2347
2348
2348
2349
2349
2350
2350
2351
2351
2352
2343
2353
2344
2353
2354
2345
2354
2355
2346
2355
2356
2347
2356
2357
2348
2357
2358
2349
2358
2359
2350
2359
2360
2351
2360
2361
2352
2361
2362
2353
2363
2354
2363
2364
2355
2364
2365
2356
2365
2366
2357
2366
2367
2358
2367
2368
2359
2368
2369
2360
2369
2370
2361
2370
2371
2362
2371
2363
2372
2364
2372
2373
2365
2373
2374
2366
2374
2375
2367
2375
2376
2368
2376
2377
2369
2377
2378
2370
2378
2379
2371
2379
2372
2380
2373
2380
2381
2374
2381
2382
2375
2382
2383
2376
2383
2384
2377
2384
2385
2378
2385
2386
2379
2386
2380
2387
2381
2387
2388
2382
2388
2389
2383
2389
2390
2384
2390
2391
2385
2391
2392
2386
2392
2387
2393
2388
2393
2394
2389
2394
2395
2390
2395
2396
2391
2396
2397
2392
2397
2393
2398
2394
2398
2399
2395
2399
2400
2396
2400
2401
2397
2401
2398
2402
2399
2402
2403
2400
2403
2404
2401
2404
2402
2405
2403
2405
2406
2404
2406
2405
2407
2406
2407
2407
2408
2408
2409
2409
2410
2410
2411
2411
2412
2412
2413
2413
2414
2414
2415
2415
2416
2416
2417
2408
2418
2409
2418
2419
2410
2419
2420
2411
2420
2421
2412
2421
2422
2413
2422
2423
2414
2423
2424
2415
2424
2425
2416
2425
2426
2417
2426
2418
2427
2419
2427
2428
2420
2428
2429
2421
2429
2430
2422
2430
2431
2423
2431
2432
2424
2432
2433
2425
2433
2434
2426
2434
2427
2435
2428
2435
2436
2429
2436
2437
2430
2437
2438
2431
2438
2439
2432
2439
2440
2433
2440
2441
2434
2441
2435
2442
2436
2442
2443
2437
2443
2444
2438
2444
2445
2439
2445
2446
2440
2446
2447
2441
2447
2442
2448
2443
2448
2449
2444
2449
2450
2445
2450
2451
2446
2451
2452
2447
2452
2448
2453
2449
2453
2454
2450
2454
2455
2451
2455
2456
2452
2456
2453
2457
2454
2457
2458
2455
2458
2459
2456
2459
2457
2460
2458
2460
2461
2459
2461
2460
2462
2461
2462
2462
2463
2463
2464
2464
2465
2465
2466
2466
2467
2467
2468
2468
2469
2469
2470
2470
2471
2471
2463
2472
2464
2472
2473
2465
2473
2474
2466
2474
2475
2467
2475
2476
2468
2476
2477
2469
2477
2478
2470
2478
2479
2471
2479
2472
2480
2473
2480
2481
2474
2481
2482
2475
2482
2483
2476
2483
2484
2477
2484
2485
2478
2485
2486
2479
2486
2480
2487
2481
2487
2488
2482
2488
2489
2483
2489
2490
2484
2490
2491
2485
2491
2492
2486
2492
2487
2493
2488
2493
2494
2489
2494
2495
2490
2495
2496
2491
2496
2497
2492
2497
2493
2498
2494
2498
2499
2495
2499
2500
2496
2500
2501
2497
2501
2498
2502
2499
2502
2503
2500
2503
2504
2501
2504
2502
2505
2503
2505
2506
2504
2506
2505
2507
2506
2507
2507
2508
2508
2509
2509
2510
2510
2511
2511
2512
2512
2513
2513
2514
2514
2515
2515
2508
2516
2509
2516
2517
2510
2517
2518
2511
2518
2519
2512
2519
2520
2513
2520
2521
2514
2521
2522
2515
2522
2516
2523
2517
2523
2524
2518
2524
2525
2519
2525
2526
2520
2526
2527
2521
2527
2528
2522
2528
2523
2529
2524
2529
2530
2525
2530
2531
2526
2531
2532
2527
2532
2533
2528
2533
2529
2534
2530
2534
2535
2531
2535
2536
2532
2536
2537
2533
2537
2534
2538
2535
2538
2539
2536
2539
2540
2537
2540
2538
2541
2539
2541
2542
2540
2542
2541
2543
2542
2543
2543
2544
2544
2545
2545
2546
2546
2547
2547
2548
2548
2549
2549
2550
2550
2544
2551
2545
2551
2552
2546
2552
2553
2547
2553
2554
2548
2554
2555
2549
2555
2556
2550
2556
2551
2557
2552
2557
2558
2553
2558
2559
2554
2559
2560
2555
2560
2561
2556
2561
2557
2562
2558
2562
2563
2559
2563
2564
2560
2564
2565
2561
2565
2562
2566
2563
2566
2567
2564
2567
2568
2565
2568
2566
2569
2567
2569
2570
2568
2570
2569
2571
2570
2571
2571
2572
2572
2573
2573
2574
2574
2575
2575
2576
2576
2577
2577
2572
2578
2573
2578
2579
2574
2579
2580
2575
2580
2581
2576
2581
2582
2577
2582
2578
2583
2579
2583
2584
2580
2584
2585
2581
2585
2586
2582
2586
2583
2587
2584
2587
2588
2585
2588
2589
2586
2589
2587
2590
2588
2590
2591
2589
2591
2590
2592
2591
2592
2592
2593
2593
2594
2594
2595
2595
2596
2596
2597
2597
2593
2598
2594
2598
2599
2595
2599
2600
2596
2600
2601
2597
2601
2598
2602
2599
2602
2603
2600
2603
2604
2601
2604
2602
2605
2603
2605
2606
2604
2606
2605
2607
2606
2607
2607
2608
2608
2609
2609
2610
2610
2611
2611
2608
2612
2609
2612
2613
2610
2613
2614
2611
2614
2612
2615
2613
2615
2616
2614
2616
2615
2617
2616
2617
2617
2618
2618
2619
2619
2620
2620
2618
2621
2619
2621
2622
2620
2622
2621
2623
2622
2623
2623
2624
2624
2625
2625
2624
2626
2625
2626
2626
2627
2627
2627
)


// ************************************************************************* //
