/*--------------------------------*- C++ -*----------------------------------*\
| =========                 |                                                 |
| \\      /  F ield         | OpenFOAM: The Open Source CFD Toolbox           |
|  \\    /   O peration     | Version:  2512                                  |
|   \\  /    A nd           | Website:  www.openfoam.com                      |
|    \\/     M anipulation  |                                                 |
\*---------------------------------------------------------------------------*/
FoamFile
{
    version     2.0;
    format      ascii;
    arch        "LSB;label=32;scalar=64";
    class       labelList;
    location    "constant/polyMesh";
    object      cellProcAddressing;
}
// * * * * * * * * * * * * * * * * * * * * * * * * * * * * * * * * * * * * * //


2636
(
27
28
1040
1204
29
1041
1203
1059
9274
1983
30
1042
1202
1058
9271
1982
1086
9273
2008
1964
31
1043
1201
1057
9270
1981
1087
9272
2009
1965
1105
9511
9278
9464
1939
32
1044
1200
1056
9267
1980
1088
9269
2010
1966
1104
9508
9247
8320
1938
1132
9506
9279
9245
9243
1920
33
1045
1199
1055
9266
1979
1089
9268
2011
1967
1103
9509
9248
8319
1937
1133
9507
9280
9246
8321
1921
1151
9635
9284
9286
9244
9242
1895
34
1046
1198
1054
8277
1978
1090
9265
2012
1968
1102
9510
8316
8283
1936
1134
9255
9249
8318
8289
1922
1150
9636
9283
9281
9239
8322
1894
1178
10061
9703
9285
9287
9241
8326
1876
35
1047
1197
1053
8276
1977
1091
8278
2013
1969
1101
9264
8315
8282
1935
1135
9256
9250
8317
8284
1923
1149
9637
9254
8304
8288
8290
1893
1179
10062
9700
9282
9238
9240
8323
1877
1005
8190
9702
9704
9236
9288
8325
8327
1851
36
1048
1196
1052
8205
1976
1092
8275
2014
1970
1100
9263
8279
8251
1934
1136
9257
8314
8281
8257
1924
1148
9638
9251
8305
8287
8285
1892
1180
10063
9682
9253
8303
8291
7809
1878
1004
8191
9701
9699
9237
9289
8324
7821
1850
56
9920
9900
9705
9235
8629
8621
8328
7825
1832
37
1049
1195
1051
8204
1975
1093
8206
2015
1971
1099
9262
8274
8250
1933
1137
9258
8309
8280
8252
1925
1147
9639
8313
8306
8256
8258
1891
1181
10064
9679
9252
8294
8286
7806
1879
1003
8192
9681
9683
8302
8292
7808
7810
1849
55
9921
9899
9698
9152
8630
8620
7820
7822
1833
83
9897
9706
9234
9150
8618
8329
7824
7826
1807
38
658
1050
1194
1974
1094
8203
2016
1972
1098
9261
8207
8219
1932
1138
9259
8273
8249
8225
1926
1146
9640
8310
8307
8255
8253
1890
1182
10065
9652
8312
8295
8259
7793
1880
1002
8193
9680
9678
8301
8293
7807
7805
1848
54
9692
9686
9684
9153
8631
7813
7811
7673
1834
84
9898
9697
9233
9151
8619
7819
7823
7685
1806
3299
9896
9707
9713
8752
8617
8330
7827
7689
1808
1788
39
659
657
1095
1193
2017
1973
1097
8202
8208
8218
1931
1139
9260
8246
8248
8220
1927
1145
9641
8272
8308
8224
8226
1889
1183
9645
9647
8311
8262
8254
7790
1881
1001
8194
9653
9651
8296
8260
7792
7794
1847
53
9691
9687
9677
9154
8300
7814
7804
7670
1835
85
9693
9685
9222
8632
7816
7812
7672
7674
1805
3298
9696
9708
9232
8753
7818
8331
7684
7686
1789
3300
9710
9712
8755
8751
8333
7828
7688
7838
7690
1787
1763
40
742
660
656
1096
1192
8209
2018
1930
1140
8201
8245
8217
8215
1928
1144
9642
8271
8247
8223
8221
1888
1184
9644
9183
8269
8263
8227
7777
1882
1000
8195
9646
9648
8297
8261
7791
7789
1846
52
9690
9654
9650
9155
8299
7797
7795
7657
1836
86
9688
9676
9221
8633
7815
7803
7671
7669
1804
3217
9694
9225
9223
8736
7817
7677
7675
7215
1790
3297
9709
9231
8754
8744
8332
7683
7687
7227
1762
3301
9711
8989
8756
8750
8334
7829
7839
7691
7837
7231
1764
1744
41
743
741
661
655
1141
1191
8240
8210
2019
1929
1143
8200
8244
8238
8216
8214
1887
1185
9643
9174
8270
8264
8222
7774
1883
999
8196
9184
9182
8268
8228
7776
7778
1845
51
9671
9655
9649
9156
8298
7798
7788
7654
1837
87
9689
9675
9210
8634
7800
7796
7656
7658
1803
3216
9695
9226
9220
8731
7802
7678
7668
7212
1791
3218
9228
9224
8737
8735
7680
7676
7214
7216
1761
3296
9230
8988
8743
8745
7682
7830
7226
7228
1745
3302
8986
8757
8749
8345
7832
7846
7692
7836
7230
7702
7232
1743
1719
42
826
744
740
662
654
1142
1190
8241
8239
8211
2020
1886
1186
8199
9171
8243
8237
8213
7761
1884
998
8197
9175
9173
8265
8229
7775
7773
1844
50
9668
9185
9181
9157
8267
7781
7779
7641
1838
88
9672
9656
9209
8635
7799
7787
7655
7653
1802
3135
9674
9213
9211
8691
7801
7661
7659
7199
1792
3215
9227
9219
8730
8732
7679
7667
7213
7211
1760
3219
9229
8738
8734
8709
7681
7219
7217
6998
1746
3295
8987
8742
8746
8346
7831
7225
7229
7010
1718
3303
8985
8758
8748
8352
7847
7833
7835
7693
7703
7233
7701
7032
1720
1244
43
827
825
745
739
663
653
1187
1189
9168
8242
8232
8212
2021
1885
997
8198
9170
9172
8236
8230
7760
7762
1843
49
9669
9186
9176
9158
8266
7782
7772
7638
1839
89
9667
9657
9180
8636
7784
7780
7640
7642
1801
3134
9673
9214
9208
8682
7786
7662
7652
7196
1793
3136
9216
9212
8692
8690
7664
7660
7198
7200
1759
3214
9218
8729
8733
8708
7666
7220
7210
6995
1747
3220
8739
8720
8710
7734
7222
7218
6997
6999
1717
3294
8741
8759
8747
8347
7224
7694
7009
7011
1701
3304
8984
9008
8351
8353
7852
7834
7696
7710
7234
7700
7031
7244
7033
1243
1245
44
910
828
824
746
738
664
652
996
1188
9169
9167
8233
8231
7759
2022
1842
48
9670
9187
9165
9159
8235
7765
7763
7625
1840
90
9664
9658
9177
8637
7783
7771
7639
7637
1800
3053
9666
9203
9179
8663
7785
7645
7643
7183
1794
3133
9215
9207
8681
8683
7663
7651
7197
7195
1758
3137
9217
8723
8693
8689
7665
7203
7201
6982
1748
3213
8728
8721
8707
7735
7221
7209
6996
6994
1716
3221
8740
8719
8711
7733
7223
7002
7000
6904
1702
3293
8983
8760
8348
7853
7695
7008
7030
7012
1700
3305
8981
8766
8354
8350
7851
7859
7711
7697
7699
7235
7243
7034
7036
7018
552
1246
45
911
909
829
823
747
737
665
651
47
995
9188
9166
9160
8234
7766
7758
2023
1841
91
9663
9659
9164
8638
7768
7764
7624
7626
1799
3052
9665
9200
9178
8654
7770
7646
7636
7180
1795
3054
9202
9204
8664
8662
7648
7644
7182
7184
1757
3132
9206
8680
8694
8684
7650
7204
7194
6979
1749
3138
8724
8722
8688
7736
7206
7202
6981
6983
1715
3212
8727
8718
8706
7728
7208
7003
6993
6883
1703
3222
8716
8712
7732
7726
7005
7001
6905
6903
1699
3292
8982
8761
8349
7854
7007
7236
7029
7013
1683
3306
8765
8771
8767
8355
7858
7860
7716
7698
7240
7242
7027
7035
7017
7037
7048
7019
553
7047
1247
46
994
912
908
830
822
748
736
666
650
92
9662
9189
9161
8639
7767
7757
7623
2024
1798
2971
9660
9195
9163
8643
7769
7629
7627
7167
1796
3051
9201
9199
8653
8655
7647
7635
7181
7179
1756
3055
9205
8677
8665
8661
7649
7187
7185
6966
1750
3131
8679
8695
8685
7737
7205
7193
6980
6978
1714
3139
8725
8701
8687
7605
7207
6986
6984
6872
1704
3211
8717
8705
7729
7727
7004
6992
6882
6884
1698
3223
8715
8713
7731
7725
7006
6906
6902
6890
1684
3291
8764
8762
7855
7717
7237
7028
7016
7014
1682
3307
8772
8768
8770
8398
7861
7857
7715
7443
7241
7239
7267
7026
7259
7020
7040
7038
7045
7053
6840
445
554
7054
7041
7046
1248
93
993
913
907
831
821
749
735
667
649
2970
9661
9190
9162
8640
7756
7630
7622
2025
1797
2972
9194
9196
8642
8644
7632
7628
7166
7168
1755
3050
9198
8652
8666
8656
7634
7188
7178
6963
1751
3056
8678
8676
8660
7738
7190
7186
6965
6967
1713
3130
8726
8696
8686
7602
7192
6987
6977
6873
1705
3140
8700
8702
7604
7606
6989
6985
6875
6871
1697
3210
8704
8385
7730
7720
6991
6881
6901
6885
1685
3224
8714
8389
7724
7718
6907
6899
6889
6891
1681
3290
8763
8397
7856
7440
7238
7023
7015
6839
1665
3372
3308
8769
8399
8403
8373
7862
7444
7450
7442
7268
7025
7262
7021
7260
6843
7254
7039
7044
7052
7056
7057
6841
7058
444
2542
555
7049
7055
7255
7042
7043
1249
94
992
914
906
832
820
750
734
668
648
2969
9193
9191
8641
7755
7631
7621
7165
2026
1754
2973
9197
8647
8645
7741
7633
7171
7169
6950
1752
3049
8651
8667
8657
7739
7189
7177
6964
6962
1712
3057
8675
8671
8659
7595
7191
6970
6968
6280
1706
3129
8699
8697
7603
7601
6988
6976
6874
6290
1696
3141
8703
7609
7607
7563
6990
6876
6870
6860
1686
3209
8384
8386
7721
7719
6880
6900
6888
6886
1680
3225
8388
8390
7723
7123
6908
6898
6892
6350
1666
3289
8396
8374
7439
7441
7024
7022
6838
6354
1664
3371
3309
8402
8400
8372
7445
7451
7422
7449
7337
7263
7103
7261
6844
2541
7095
6842
7253
7051
6360
7059
2529
443
556
7050
7252
1250
95
991
915
905
833
819
751
733
669
647
2968
9192
8648
7754
7742
7620
7172
7164
2027
1753
2974
8650
8646
7744
7740
7174
7170
6949
6951
1711
3048
8674
8668
8658
7590
7176
6971
6961
6259
1707
3058
8672
8670
7596
7594
6973
6969
6281
6279
1695
3128
8698
7610
7600
7560
6975
6877
6289
6291
1687
3142
8383
7608
7562
7564
6879
6869
6859
6861
1679
3208
8387
8377
7722
7124
6909
6895
6887
6349
1667
3226
8391
8375
7427
7122
6897
6893
6347
6351
1663
3288
8395
7438
7423
7338
6851
6837
6353
6355
1647
3370
3310
8401
7542
7540
7446
7448
7421
7336
7104
7102
6849
2540
7096
6845
2530
7094
6359
6361
7060
2528
442
557
96
990
916
904
834
818
752
732
670
646
2967
8649
7753
7743
7619
7173
7163
6948
2028
1710
2975
7751
7747
7745
7579
7175
6954
6952
3628
1708
3047
8673
8669
7589
7591
6972
6960
6258
6260
1694
3059
7613
7597
7593
7555
6974
6282
6278
6266
1688
3127
7611
7599
7561
7559
6878
6288
6858
6292
1678
3143
8382
7567
7565
7125
6868
6864
6862
6314
1668
3207
8378
8376
7426
6910
6896
6894
6348
6318
1662
3227
8392
7428
7424
7121
6852
6346
6352
6324
1648
3287
7543
7437
7339
7105
6850
6836
6358
6356
3369
3311
7541
3610
7447
2648
7457
7420
7459
7343
2539
7101
6848
2531
7097
6846
2527
7093
6362
7061
2515
441
97
989
917
903
835
817
753
731
671
645
2966
7752
7748
7618
7580
7162
6955
6947
2029
1709
2976
7750
7746
7582
7578
6957
6953
3627
3629
1693
3046
7614
7588
7592
7554
6959
6257
6277
6261
1689
3060
7612
7598
7556
6941
6283
6275
6265
6267
1677
3126
8381
7568
7558
7126
6287
6865
6857
6293
1669
3144
8379
7566
7130
6911
6867
6863
6313
6315
1661
3206
8393
7429
7425
7116
6853
6335
6317
6319
1649
3228
7544
7436
7120
7106
6345
6333
6323
6325
3286
3611
2649
7340
7342
6835
6365
6357
3368
3312
3609
10078
2647
7419
7458
7375
2538
7373
7344
2532
7100
6847
2526
7098
6363
2516
7092
2514
98
988
918
902
836
816
754
730
672
644
2965
7749
7617
7581
7161
6956
6946
3626
2030
1692
2977
7615
7583
7577
7149
6958
6256
6248
3630
1690
3045
7587
7575
7553
6942
6284
6276
6264
6262
1676
3061
7573
7569
7557
6940
6286
6274
6268
6232
1670
3125
8380
7549
7127
6912
6866
6856
6312
6294
1660
3145
8394
7131
7129
7115
6854
6336
6316
6300
1650
3205
7545
7430
7117
7107
6342
6334
6322
6320
3229
3612
2650
7119
6822
6344
6332
6326
3285
10077
7418
7341
6834
6366
6364
3367
3313
3607
3606
7400
3601
7460
7378
2537
7374
7376
2533
7372
7345
2525
7099
6368
2517
7091
2513
99
987
919
901
837
815
755
729
673
643
2964
7616
7584
7160
7148
6945
6255
3625
2031
1691
2978
7586
7576
7150
6943
6253
6249
6247
3631
1675
3044
7574
7570
7552
6927
6285
6271
6263
6229
1671
3062
7572
7550
6939
6913
6273
6269
6231
6233
1659
3124
7548
7132
7128
7110
6855
6337
6311
6295
1651
3146
7546
7431
7114
7108
6341
6309
6299
6301
3204
3613
2651
7118
6823
6343
6329
6321
3230
10076
7417
6825
6821
6331
6327
3284
7401
7379
6833
7346
6367
3366
3314
3599
3608
3605
7399
7381
3600
3602
2536
7398
7389
7377
2534
7385
7350
2524
7371
7352
2518
7090
2512
100
986
920
900
838
814
756
728
674
642
2963
7585
7159
7147
6944
6254
3624
2662
2032
1674
2979
7157
7153
7151
6926
6252
6250
6246
3632
1672
3043
7571
7551
6928
6914
6272
6270
6230
6228
1658
3063
7141
7133
6938
6936
6240
6236
6234
6206
1652
3123
7547
7432
7111
7109
6338
6310
6298
6296
3147
3614
2652
7113
6792
6340
6308
6302
3203
10075
7416
6824
6804
6330
6328
3231
7402
6826
6820
6810
6184
3283
7380
6832
7349
7347
3365
3315
3592
3598
3604
7394
7391
7392
7382
7390
3593
3597
3603
7395
2471
2535
7397
7384
7366
2523
7370
7351
2519
7353
2511
101
985
921
899
839
813
757
727
675
641
2962
7158
7154
7146
6925
3623
2661
2663
2033
1673
2980
7156
7152
6923
6915
6251
6245
6223
3633
1657
3042
7142
7134
6929
6931
6241
6237
6227
6203
1653
3064
7140
7433
6937
6935
6239
6235
6205
6207
3122
3615
2653
7112
6793
6339
6305
6297
3148
10074
7415
6795
6791
6307
6303
3202
7403
6827
6803
6805
6185
3232
6829
6819
6809
6811
3282
6831
7363
7348
2444
3364
3316
3591
7393
7365
7383
2472
3594
7396
2522
7386
7367
2520
7369
2510
102
984
922
898
840
812
758
726
676
640
2961
7155
7145
6924
3622
2660
6244
2664
2034
1656
2981
7143
7135
6922
6916
6242
6222
6224
3634
1654
3041
7139
7434
6930
6932
6238
6226
6204
6202
3065
3616
2654
6934
6765
6214
6210
6208
3121
10073
7414
6794
6774
6306
6304
3149
7404
6796
6790
6780
6186
3201
6828
6802
6808
6806
3233
6830
6818
6812
3281
7364
7362
2443
3363
3317
7359
7387
2473
2521
7368
2509
103
983
923
897
841
811
759
725
677
639
2960
7144
7136
3621
2659
6243
6219
2665
2035
1655
2982
7138
7435
6921
6917
6221
6225
6197
3635
3040
3617
2655
6933
6744
6215
6211
6201
3066
10072
7413
6766
6764
6213
6209
3120
7405
6797
6773
6775
6187
3150
6799
6789
6779
6781
3200
6801
6815
6807
3234
6817
6813
3280
7360
2442
3362
3318
7388
2474
2508
104
982
924
896
842
810
760
724
678
638
2959
7137
3620
2658
6918
6220
6218
2666
2036
2983
3618
2656
6920
6733
6216
6196
6198
3039
10071
7412
6743
6745
6212
6200
3067
7406
6767
6763
6751
6188
3119
6798
6772
6778
6776
3151
6800
6788
6782
3199
6816
6814
3235
7361
3279
2441
3361
2475
105
981
925
895
843
809
761
723
679
2958
3619
2657
6919
6730
6217
6193
2667
2984
10070
7411
6732
6734
6195
6199
3038
7407
6742
6762
6746
6189
3068
6768
6760
6750
6752
3118
6771
6785
6777
3152
6787
6783
3198
6704
3236
2440
106
980
926
894
844
808
762
722
2957
10069
7410
6731
6729
6194
6192
2985
7408
6737
6735
6717
6190
3037
6741
6761
6749
6747
3069
6769
6759
6753
3117
6786
6784
3153
6705
3197
107
979
927
893
845
807
763
2956
7409
6738
6728
6714
6191
2986
6740
6736
6716
6718
3036
6770
6756
6748
3070
6758
6754
3116
6706
3154
108
978
928
892
846
806
2955
6739
6727
6715
6713
2987
6725
6721
6719
3035
6757
6755
3071
6707
3115
109
977
929
891
847
2954
6726
6722
6712
2988
6724
6720
3034
6708
3072
110
976
930
890
2953
6723
6711
2989
6709
3033
111
975
931
2952
6710
2990
112
974
2951
113
)


// ************************************************************************* //
