/*--------------------------------*- C++ -*----------------------------------*\
| =========                 |                                                 |
| \\      /  F ield         | OpenFOAM: The Open Source CFD Toolbox           |
|  \\    /   O peration     | Version:  2512                                  |
|   \\  /    A nd           | Website:  www.openfoam.com                      |
|    \\/     M anipulation  |                                                 |
\*---------------------------------------------------------------------------*/
FoamFile
{
    version     2.0;
    format      ascii;
    arch        "LSB;label=32;scalar=64";
    class       labelList;
    location    "constant/polyMesh";
    object      faceProcAddressing;
}
// * * * * * * * * * * * * * * * * * * * * * * * * * * * * * * * * * * * * * //


8479
(
84
85
86
87
88
89
3033
3034
3035
-3491
3496
3495
90
91
92
3036
3037
3038
-3488
3493
3492
-3086
3090
3091
-26527
-26530
-5842
-5765
5768
-5721
93
94
95
3039
3040
3041
-3485
3490
3489
-3083
3087
3088
-26525
26526
-5848
-5763
5766
-5724
3169
3170
3171
-26528
26533
26532
5841
5843
5844
5720
5722
-5647
96
97
98
3042
3043
3044
-3482
3487
3486
-3080
3084
3085
-26519
-26522
-5852
-5761
5764
-5727
3172
3173
3174
-26523
26529
-26469
5845
5847
5846
5723
5725
-5644
-3222
3226
3227
-27182
-27177
-26549
-26470
26544
-26462
-23908
-26464
-26457
-5643
5648
-5591
99
100
101
3045
3046
3047
-3479
3484
3483
-3077
3081
3082
-26517
26518
-5856
-5759
5762
-5730
3175
3176
3177
-26520
26524
-26473
5849
5851
5850
5726
5728
-5641
-3219
3223
3224
27181
-27179
-26552
26468
26471
-26466
-23905
23907
23906
-5640
5645
-5594
3305
3306
3307
27176
27178
-26563
26545
26546
26547
26461
26463
-26458
-23911
26455
-26453
5590
5592
-5517
102
103
104
3048
3049
3050
-3476
3481
3480
-3074
3078
3079
-23784
-26515
-5860
-5757
5760
-5733
3178
3179
3180
-26516
26521
-23900
5853
5855
5854
5729
5731
-5638
-3216
3220
3221
27183
-26494
-26477
-23898
26472
-23904
-23800
-23902
-23818
-5637
5642
-5597
3308
3309
3310
-26493
27180
-26559
-26476
26551
26550
-23903
26467
-26446
-23819
23910
23909
5593
5595
-5514
-3358
3362
3363
27483
27485
27484
-26558
26564
26561
-26554
-26565
26568
-26445
26459
-26450
-23914
-26449
-23927
-5513
5518
-5461
105
106
107
3051
3052
3053
-3473
3478
3477
-3071
3075
3076
-23782
23783
-5863
-5755
5758
-5736
3181
3182
3183
-23787
-26513
-23896
5857
5859
5858
5732
5734
-5635
-3213
3217
3218
-26514
-26497
-26479
-23895
23899
23897
-23797
23799
23798
-5634
5639
-5600
3311
3312
3313
26492
26495
-26489
26474
26475
-23863
-23901
-23862
-23815
-23803
-23812
23817
5596
5598
-5511
-3355
3359
3360
27486
27488
27487
-26490
26560
-26555
-23865
26553
-26441
-23816
-26440
26444
-23821
23913
23912
-5510
5515
-5464
3428
-2932
3429
28495
-23531
-27637
-27629
-27633
27638
-26556
26567
-26435
-26442
-26436
26570
-26447
26451
-23924
-23916
-23920
23925
5460
5462
-5387
108
109
110
3054
3055
3056
-3470
3475
3474
-3068
3072
3073
-23580
-23779
-5868
-5753
5756
-5739
3184
3185
3186
-23780
23786
23785
5861
5864
5862
5735
5737
-5632
-3210
3214
3215
-26512
-26500
-23894
-23790
-23892
-23795
-23709
-23793
-23727
-5631
5636
-5603
3314
3315
3316
26496
26498
-26482
-23893
26478
-23868
-23796
-23867
-23811
-23728
23802
23801
5599
5601
-5508
-3352
3356
3357
27489
27491
27490
-26481
26491
-26486
23861
23864
-23859
-23809
23814
23813
-23805
23820
-22405
-5507
5512
-5467
3430
-2929
3431
28496
-23535
-27632
-27590
27628
-27626
-26487
26557
-26439
-23860
-26438
26443
-23823
26448
-23919
-22406
23915
-22443
5463
5465
-5384
-2928
-171
2933
23528
23530
23529
-27630
27636
27634
-27627
27640
-26432
26434
-26431
-24772
26572
-24773
-24748
-23917
23923
23921
-22444
23928
-22456
-5383
5388
-5331
111
112
113
3057
3058
3059
-3468
3472
3471
-3065
3069
3070
-23578
23579
-5870
-5751
5754
-5742
3187
3188
3189
-23582
23781
-23777
5865
5867
5866
5738
5740
-5629
-3207
3211
3212
-26511
-26503
-23878
-23778
23789
23788
-23706
23708
23707
-5628
5633
-5606
3317
3318
3319
26499
26501
-23890
-23877
-23888
-23872
-23791
23794
-23723
-23712
-23721
23726
5602
5604
-5505
-3349
3353
3354
27492
27494
27493
-23889
26483
26480
23866
23869
-23833
-23724
23810
-23806
-23730
23804
-22395
-5504
5509
-5470
3432
-2926
3433
28497
-23539
-27588
-27580
-27584
27589
-26484
26488
-23858
-23832
-23854
-23825
-23807
23822
-22402
-22394
-22399
22404
5466
5468
-5381
-2925
-168
2930
23532
23534
23533
-27587
27631
-27624
-27592
-27623
-26205
-23857
-26204
-24776
-23827
-24777
-24746
-22403
23918
-22440
-22408
-22438
22442
-5380
5385
-5334
-166
170
28180
-251
-28141
-28144
-28139
-27647
-27625
27642
-26427
-26203
-26426
-26197
24770
24771
-24740
-24745
-24738
-23934
-22441
23930
-22452
-22446
-22449
22454
5330
5332
-5257
114
115
-118
3060
3061
-1942
-3465
3469
-3062
3066
3067
-3467
-23575
-5874
-5749
5752
-5745
3190
3191
3192
-23576
23583
23581
5869
5871
5872
5741
5743
-5626
-3204
3208
3209
-26510
-26506
-23776
-23587
-23773
-23703
-23619
-23702
-23637
-5625
5630
-5609
3320
3321
3322
26502
26504
-23881
-23775
23876
-23874
-23704
23792
-23720
-23638
23711
23710
5605
5607
-5502
-3346
3350
3351
27495
27497
27496
-23880
23891
-23885
23870
23871
-23835
-23718
23725
23722
-23714
23729
-22358
-5501
5506
-5473
3434
-2923
3435
28498
-23543
-27583
-27525
27579
-27577
-23886
26485
-23853
23830
23831
-23828
-23732
23808
-22398
-22357
22393
-22391
5469
5471
-5378
-2922
-165
2927
23536
23538
23537
-27581
27586
27585
-27578
27591
-26208
-23851
23856
23855
23824
23826
-22416
-22396
22401
22400
-22392
22407
-22001
-5377
5382
-5337
-163
167
-27610
-254
-28143
-27600
-28142
-27622
-27594
-27619
-26424
26201
26202
-26199
24774
24775
-24743
-22417
-24742
-22437
-22410
-22434
22439
-22002
22445
-22039
5333
5335
-5254
249
250
28138
-9671
-28137
-27620
27646
27644
-26423
26428
26429
26196
26198
-25115
24737
24741
-24735
-22435
23933
23932
-22447
22453
22450
-22040
22457
-22051
-5253
5258
5256
-5201
116
117
1941
-1938
-121
3063
3064
-1945
-3462
3466
-1940
5750
-5747
3193
3194
3195
-3463
-23572
23577
5873
5875
5876
5744
5746
-5623
-3201
3205
3206
-23574
-26508
-23696
23584
23585
23586
-23616
23618
23617
-5622
5627
-5612
3323
3324
3325
26505
26507
-23772
-23695
-23769
23774
-23701
23705
-23633
-23622
-23631
23636
5608
5610
-5499
-3343
3347
3348
27498
27499
27500
-23770
23882
23879
23873
23875
-23742
-23634
23719
-23715
-23640
23713
-22347
-5498
5503
-5476
3436
-2920
3437
-27507
-23547
-27528
-27513
27524
-27522
-23883
23887
-23839
-23740
23834
-23735
-23716
23731
-22355
-22346
-22351
22356
5472
5474
-5375
-2919
-162
2924
23540
23542
23541
-27527
27582
-27575
-27523
-27574
-26211
-23838
23852
-23848
-23734
23829
-22419
-22354
22397
-22389
-22360
-22388
-21991
-5374
5379
-5340
-160
164
-27608
-257
27609
27598
27599
-27595
-27576
27593
-26397
26206
26207
-24782
-23849
24778
-22425
22414
22415
-22411
-22390
22409
-21998
-21990
-21995
22000
5336
5338
-5251
252
253
-27612
-9668
-27618
-27597
-27615
27621
-26396
26425
-26421
-24781
26200
-25117
-22424
24744
-22432
-22413
-22429
22436
-21999
22448
-22036
-22004
-22034
22038
-5250
5255
-5204
-9667
9669
-27617
-9674
-27656
27648
27649
27650
-26422
-27659
-25124
25112
25113
-25109
-22431
24736
-23944
23936
23937
-22462
-22037
22459
-22047
-22042
-22045
22052
22050
5261
-5198
5200
5202
-5197
-5127
119
120
1944
1943
1939
-1935
-124
3196
3197
-2192
-3459
3464
-1948
5878
5877
-1937
5748
-5620
-3198
3202
3203
-3460
-23569
23573
23588
23590
23589
-5881
-23613
-23608
-5619
5624
-5615
3326
3327
3328
-23571
26509
-23768
-23692
23694
23693
-23615
-23697
-23629
-23609
23621
23620
5611
5613
-5496
-3340
3344
3345
27501
27502
-26292
-23766
23771
-23760
-23700
-23761
-23745
-23628
23635
23632
-23624
23639
-22310
-5495
5500
-5479
3438
-2917
3439
-27505
-23549
27506
-26293
-27508
27512
-23762
23884
-23842
23739
23741
-23737
-23642
23717
-22350
-22309
22345
-22343
5475
5477
-5372
-2916
-159
2921
23544
23546
23545
-27510
27526
-27519
-27515
-27518
-26214
23836
23840
23837
23733
23736
-22369
-22348
22353
22352
-22344
22359
-21954
-5371
5376
-5343
-157
161
-27607
-260
-27603
-27531
27601
-27572
-27521
-27570
-26393
26209
26210
-24786
-23846
23850
-22421
-22368
22418
-22387
-22362
-22385
-21994
-21953
21989
-21987
5339
5341
-5248
255
256
-27604
-9427
27611
-27571
27596
-26405
-26391
26395
26394
24779
24783
24780
-22420
22426
22423
-22386
22412
-22012
-21992
21997
21996
-21988
22003
-20762
-5247
5252
-5207
-9426
-9664
-27614
-9666
27616
-26406
27652
-26419
-26399
-26418
-25120
-25067
25116
-25092
-22427
22433
22430
-22013
23939
-22033
-22006
-22030
22035
-20763
22041
-20800
5203
5205
-5124
-9665
9672
-27653
-9677
27654
-26420
-27657
-25736
-25118
25122
25121
-25091
25110
-25107
-23940
23945
23942
-22031
22463
22461
-22043
22048
22049
22046
22489
-22487
-20801
22053
22054
-20812
5199
-5130
-5123
5128
5126
-5071
122
123
2191
-2188
1947
1946
1936
-1932
-127
3199
3200
-2195
-3456
3461
-2190
23592
23591
-1951
5880
5879
-1934
5621
-5617
3329
3330
3331
-3457
-23566
23570
-23680
-23689
-23675
-23594
23614
-23610
-5884
23607
-23605
5614
5616
-5493
-3337
3341
3342
-23568
27503
-26266
-23690
23767
-23764
-23676
23699
23698
-23611
23630
-23625
-23606
23623
-22299
-5492
5497
-5482
3440
-2914
3441
-27504
-23554
-26295
-26265
26291
-26289
23759
23763
-23756
23743
23744
-23645
-23626
23641
-22307
-22298
-22303
22308
5478
5480
-5369
-2913
-156
2918
23548
23551
23550
-26296
27511
27509
-26290
27514
-26217
-23757
23843
23841
-23644
23738
-22371
-22306
22349
-22341
-22312
-22340
-21943
-5368
5373
-5346
-154
158
-27562
-263
-27606
27529
27532
27530
-27516
27520
-26365
26212
26213
-24790
-23844
23847
-22377
22366
22367
-22363
-22342
22361
-21951
-21942
-21947
21952
5342
5344
-5245
258
259
27602
-9424
27605
-27569
27573
-26408
-26364
26392
-26389
24784
24787
24785
-22376
22422
-22382
-22365
-22381
-22015
-21950
21993
-21985
-21956
-21984
-20752
-5244
5249
-5210
-9423
9425
27613
-9430
-26412
26403
26404
-26400
-26390
26398
-25070
-25057
25066
-25064
-22383
22428
-22020
22010
22011
-22007
-21986
22005
-20759
-20751
-20756
20761
5206
5208
-5121
-9429
-9661
-26413
-9663
-26416
-26402
-26415
-25734
-25069
25119
-25088
-25065
-25086
25090
-22021
23941
-22027
-22009
-22025
22032
-20760
22044
-20797
-20765
-20795
20799
-5120
5125
-5074
-9662
9675
-26417
-9680
-25730
-25733
-25728
-25129
-25089
25125
-25104
-25094
-25103
-23984
-22028
23947
-22473
22465
22466
22467
-22058
22493
-22485
-20798
22055
22056
-20808
-22484
-22087
-20803
-20806
20813
20811
5131
-5068
5070
5072
-5067
-4997
125
126
2194
2193
2189
-2185
1950
1949
1933
-1929
-130
3332
3333
-2442
-3453
3458
-2198
23679
-23677
-2187
23595
23593
-1954
5883
5882
-1931
5618
-5490
-3334
3338
3339
-3454
-23563
23567
-23682
23691
-23686
23673
23674
-23671
-23597
23612
-23602
-5887
-23601
-22262
-5489
5494
-5485
3442
-2911
3443
-23565
-23558
-26270
-26259
26264
-26261
-23687
23765
-23749
-23672
23746
-23648
-23603
23627
-22302
-22261
22297
-22295
5481
5483
-5366
-2910
-153
2915
23552
23555
23553
-26268
26294
-26286
-26263
-26285
-26220
-23748
23758
-23753
23643
23646
-22321
-22300
22305
22304
-22296
22311
-21906
-5365
5370
-5349
-151
155
-27559
-266
27561
-26298
27534
27533
-26287
27517
-26361
26215
26216
-24794
-23754
23845
-22373
-22320
22370
-22339
-22314
-22337
-21946
-21905
21941
-21939
5345
5347
-5242
261
262
-27564
-9183
-27567
-27537
-27566
-26374
-26359
26363
26362
24788
24791
24789
-22372
22378
22375
-22338
22364
-21965
-21944
21949
21948
-21940
21955
-20715
-5241
5246
-5213
-9182
-9420
-27568
-9422
-26410
-26373
26407
-26388
-26367
-26386
-25055
-24951
-25052
25056
-22379
22384
-22017
-21964
22014
-21983
-21958
-21981
-20755
-20714
20750
-20748
5209
5211
-5118
-9421
9428
-26409
-9433
26411
-26387
26401
-25073
-25054
25068
-25062
-25059
-25061
-24997
-22016
22022
22019
-21982
22008
-20773
-20753
20758
20757
-20749
20764
-20181
-5117
5122
-5077
-9432
-9658
-26414
-9660
-25732
-25072
-25731
-25085
-25063
-25082
25087
-24998
25093
-23986
-22023
22029
22026
-20774
22468
-20794
-20767
-20791
20796
-20182
20802
-20219
5073
5075
-4994
-9659
9678
25727
-9683
-25725
-25083
25128
25127
-25096
25105
-25100
23981
23983
23982
-22469
22474
22472
22471
22514
-22483
-20792
22059
22060
22057
-22481
-22090
-20804
20809
20810
20807
22085
-22083
-20220
20814
20815
-20286
5069
-5000
-4993
4998
4996
-3614
128
129
2441
-2438
2197
2196
2186
-2182
1953
1952
1930
-1926
-133
3335
3336
-2445
-3450
3455
-2440
23683
23681
-2201
23678
-23657
-2184
23598
23596
-1957
5886
5885
-1928
5491
-5487
3444
-2908
3445
-3451
-23560
23564
-26252
-26255
26258
-23684
23688
-23668
-23656
-23667
-23652
-23599
23604
-22259
-5890
-22255
22260
5484
5486
-5363
-2907
-150
2912
23556
23559
23557
-26256
26269
26267
-26260
26262
-26222
-23669
23750
23747
23647
23649
-22323
-22258
22301
-22293
-22264
-22292
-21895
-5362
5367
-5352
-148
152
27558
-269
-27556
26297
26300
26299
-26272
26288
-26282
26218
26219
-24798
-23751
23755
-22329
22318
22319
-22315
-22294
22313
-21903
-21894
-21899
21904
5348
5350
-5239
264
265
-27557
-9180
27563
27535
27536
-26376
-26284
26360
-26357
24792
24795
24793
-22328
22374
-22334
-22317
-22333
-21967
-21902
21945
-21937
-21908
-21936
-20704
-5238
5243
-5216
-9179
9181
-27565
-9186
-26381
26371
26372
-26368
-26358
26366
-24955
-24926
24950
-24947
-22335
22380
-21973
21962
21963
-21959
-21938
21957
-20712
-20703
-20708
20713
5212
5214
-5115
-9185
-9417
-26380
-9419
-26384
-26370
-26383
-25051
-24954
-25049
25053
-24949
25058
-24995
-21972
22018
-21978
-21961
-21977
-20776
-20711
20754
-20746
-20717
-20745
-20171
-5114
5119
-5080
-9418
9431
-26385
-9436
-25076
-25050
25071
-25027
-25060
-25026
-25001
-24994
24996
-22183
-21979
22024
-20781
20771
20772
-20768
-20747
20766
-20178
-20170
-20175
20180
5076
5078
-4991
-9435
-9655
-25075
-9657
-25081
-25029
-25078
25084
-25002
25097
25095
-22182
23987
23985
-20783
22470
-20788
-20770
-20786
20793
-20179
20805
-20216
-20184
-20214
20218
-4990
4995
-4944
-9656
9681
-25080
-9686
-25723
25131
25132
25134
-25098
25102
-24001
-23989
-23999
24003
-22537
22518
-22478
-20789
22476
22475
-22069
-22477
-22111
22061
22062
22063
-20819
22089
-22081
-20217
20816
20817
-20282
-22080
-20850
-20223
-20280
20287
20285
5001
-3610
3613
3615
-3609
3612
131
132
2444
2443
2439
-2435
2200
2199
2183
-2179
1956
1955
1927
-1923
-136
-2906
3446
-2692
-3447
3452
-2448
26251
-26249
-2437
23685
-23660
-2204
23655
-23653
-2181
23600
-22254
-1960
5889
5888
-1925
5488
-5360
-2905
-147
2909
-3448
23562
23561
-26253
26257
-26242
-26250
-26243
-26226
-23659
23670
-23664
23650
23651
-22273
-22252
22257
22256
-5893
22263
-21858
-5359
5364
-5355
-145
149
27560
-272
-27552
26301
26303
26302
-26244
26273
26271
26221
26223
-24802
-23665
23752
-22325
-22272
22322
-22291
-22266
-22289
-21898
-21857
21893
-21891
5351
5353
-5236
267
268
-27551
-8939
-27554
27538
27539
-26347
-26275
26283
-26279
24796
24799
24797
-22324
22330
22327
-22290
22316
-21917
-21896
21901
21900
-21892
21907
-20667
-5235
5240
-5219
-8938
-9176
-27555
-9178
-26378
-26346
26375
-26356
-26281
-26354
-24924
-24877
-24921
24925
-22331
22336
-21969
-21916
21966
-21935
-21910
-21933
-20707
-20666
20702
-20700
5215
5217
-5112
-9177
9184
-26377
-9189
26379
-26355
26369
-25038
-24922
24953
24952
-24928
24948
-24945
-21968
21974
21971
-21934
21960
-20726
-20705
20710
20709
-20701
20716
-20134
-5111
5116
-5083
-9188
-9414
-26382
-9416
-25048
-25037
-25046
-25032
-24958
-25033
-24993
-24946
-24990
-22187
-21975
21980
-20778
-20725
20775
-20744
-20719
-20742
-20174
-20133
20169
-20167
5079
5081
-4988
-9415
9434
-25047
-9439
25074
25025
25028
-25023
-24991
25000
24999
22181
22184
-22179
-20777
20782
20780
-20743
20769
-20192
-20172
20177
20176
-20168
20183
-19900
-4987
4992
-4947
-9438
-9652
-25077
-9654
25079
-25024
25136
25135
-25004
25099
-23992
-22180
23988
-22539
-20784
20790
20787
-20193
22064
-20213
-20186
-20210
20215
-19901
20222
20221
4943
4945
-4941
-9653
9684
-25722
-9689
-25719
-25139
-25720
-25155
-23991
24002
24000
-23996
24004
-22532
22534
22536
-22530
22535
22480
-22113
-22065
22070
22068
22067
22110
-22079
-20211
20820
20821
20818
-22077
-20848
-20278
20283
20284
20281
-20846
-20297
-20226
20288
20289
-20244
3611
-1625
3617
3618
-1626
3616
134
135
2691
-2688
2447
2446
2436
-2432
2203
2202
2180
-2176
1959
1958
1924
-1920
-139
-144
-2901
-2695
-2902
3449
-2690
26254
-26247
-2451
-26246
-26228
-2434
23661
23658
-2207
23654
-22275
-2178
22253
-22250
-1963
5892
5891
-1922
5361
-5357
-142
146
-2904
-275
-27549
26304
26306
26305
26241
26245
-26238
26224
26225
-24806
-23662
23666
-22281
22270
22271
-22267
-22251
22265
-21855
-5896
-21851
21856
5354
5356
-5233
270
271
-27548
-8936
27550
27540
27541
-26338
-26239
26276
26274
24800
24803
24801
-22280
22326
-22286
-22269
-22285
-21919
-21854
21897
-21889
-21860
-21888
-20656
-5232
5237
-5222
-8935
8937
-27553
-8942
-26344
-26337
-26341
26345
-26277
26280
-24881
-24852
24876
-24873
-22287
22332
-21925
21914
21915
-21911
-21890
21909
-20664
-20655
-20660
20665
5218
5220
-5109
-8941
-9173
-26343
-9175
-26352
-26349
-26351
-24920
-24880
-24917
24923
-24875
24929
24927
-21924
21970
-21930
-21913
-21929
-20728
-20663
20706
-20698
-20669
-20697
-20123
-5108
5113
-5086
-9174
9187
-26353
-9192
-25041
-24919
25036
-25034
24956
24957
-24942
-24931
-24941
-22190
-21931
21976
-20735
20723
20724
-20720
-20699
20718
-20131
-20122
-20127
20132
5082
5084
-4985
-9191
-9411
-25040
-9413
-25044
25030
25031
-25022
-24944
24992
-24988
22185
22186
-22165
-20733
20779
-20739
-20722
-20738
-20195
-20130
20173
-20165
-20136
-20164
-19843
-4984
4989
-4950
-9412
9437
-25045
-9442
-25017
-25021
-25016
-25007
-24989
25003
-22177
-22164
-22175
-22159
-20740
20785
-20200
20190
20191
-20187
-20166
20185
-19903
-19842
19899
-19897
4946
4948
-4939
-9441
-9649
-25018
-9651
-25721
-25008
25138
25137
-22176
23993
23990
-22160
22540
22538
-20201
22066
-20207
-20189
-20205
20212
-19904
20279
-20276
-19898
20225
20224
-4938
4942
-4892
-9650
9687
25718
-9692
-25152
-25142
-25149
25154
25153
24008
24006
-23994
23998
23997
-22554
22533
22531
-22542
-22552
22556
-22130
22114
-22074
-20208
22072
22071
-20836
-22073
-20845
20822
20823
20824
-20270
-20842
-20292
-20277
-20269
20290
-20241
-20291
20296
-20229
-20238
20245
20243
1624
1627
3620
3621
-1629
3619
137
138
2694
2693
2689
-2685
2450
2449
2433
-2429
2206
2205
2177
-2173
1962
1961
1921
-1917
-140
143
-2900
-277
2903
-2698
26308
26307
-2687
26248
-26231
-2454
26227
-24809
-2431
23663
-22277
-2210
22274
-22249
-2175
-22247
-21850
-1966
5895
5894
-1919
5358
-5230
273
274
-27547
-8695
-27544
-26310
27542
-26327
-26230
26240
-26235
24804
24807
24805
-22276
22282
22279
-22248
22268
-21869
-21848
21853
21852
-5899
21859
-20619
-5229
5234
-5225
-8694
-8932
-27545
-8934
-26340
-26326
26336
-26334
-26236
26278
-24850
-24822
-24847
24851
-22283
22288
-21921
-21868
21918
-21887
-21862
-21885
-20659
-20618
20654
-20652
5221
5223
-5106
-8933
8940
-26339
-8945
26342
-26335
26348
-24910
-24848
24879
24878
-24854
24874
-24871
-21920
21926
21923
-21886
21912
-20678
-20657
20662
20661
-20653
20668
-20087
-5105
5110
-5089
-8944
-9170
-26350
-9172
-24916
-24909
-24913
24918
-24884
24959
-24934
-24872
24930
-22192
-21927
21932
-20731
-20677
20727
-20696
-20671
-20694
-20126
-20086
20121
-20119
5085
5087
-4982
-9171
9190
-24914
-9195
25039
-24961
25035
-24978
-24933
24943
-24938
22188
22189
-21800
-20729
20734
20732
-20695
20721
-20145
-20124
20129
20128
-20120
20135
-19807
-4981
4986
-4953
-9194
-9408
-25043
-9410
-25020
-24977
-25019
-24987
-24940
-24985
-22169
-21799
22163
-22161
-20736
20741
-20197
-20144
20194
-20163
-20138
-20161
-19840
-19806
-19837
19841
4949
4951
-4936
-9409
9440
25015
-9445
-25013
-24986
25006
25005
-22167
22178
-22172
22157
22158
-22155
-20196
20202
20199
-20162
20188
-19906
-19839
19902
-19895
-19846
-19894
-19864
-4935
4940
-4895
-9444
-9646
-25014
-9648
-25148
-25010
25141
25140
-22173
23995
-22545
-22156
22541
-22132
-20203
20209
20206
-19907
20825
-20274
-19896
-20273
-20237
-19865
20228
20227
4891
4893
-4889
-9647
9690
-25147
-9695
25151
25150
25164
-25162
-25144
25156
25157
-24124
24011
-22561
-22544
22555
22553
-22549
22557
-22126
22128
22129
-22125
-21350
22076
-20841
-20827
20835
20834
-20831
-20837
20843
20268
20271
20272
-20266
20294
20293
-20235
20240
20242
20239
20302
20301
20300
20299
-20327
-20305
-20323
-20231
20246
20247
-19710
-1313
1628
1630
-20313
-20325
3623
3624
-1632
3622
141
-280
-2898
2697
2696
2686
-2682
2453
2452
2430
-2426
2209
2208
2174
-2170
1965
1964
1918
-1914
276
278
-2899
-8692
-27546
-2701
26311
26309
-2684
26232
26229
-2457
24810
24808
-2428
22278
-22245
-2213
-22244
-21871
-2172
21849
-21846
-1969
5898
5897
-1916
5231
-5227
-8691
8693
27543
-8698
-26324
-26314
-26321
26325
-26233
26237
-24820
-24812
-24816
24821
-22246
22284
-21878
21866
21867
-21863
-21847
21861
-20616
-5902
-20612
20617
5224
5226
-5103
-8697
-8929
-26323
-8931
-26332
-26329
-26331
-24846
-24819
-24843
24849
-24824
24855
24853
-21876
21922
-21882
-21865
-21881
-20680
-20615
20658
-20650
-20621
-20649
-20076
-5102
5107
-5092
-8930
8943
-26333
-8948
-24912
-24845
24908
-24906
24882
24883
-24868
-24857
-24867
-22196
-21883
21928
-20687
20675
20676
-20672
-20651
20670
-20084
-20075
-20080
20085
5088
5090
-4979
-8947
-9167
-24911
-9169
24915
-24907
24962
24960
-24870
24935
24932
22191
22193
-21789
-20685
20730
-20691
-20674
-20690
-20147
-20083
20125
-20117
-20089
-20116
-19809
-4978
4983
-4956
-9168
9193
25042
-9198
-24975
-24965
-24972
24976
-24936
24939
-21797
-21788
-21793
21798
-20692
20737
-20153
20142
20143
-20139
-20118
20137
-19815
19804
19805
-19802
4952
4954
-4933
-9197
-9405
-24974
-9407
-24984
-24980
-24982
-24096
-21796
22168
22166
-21802
22162
-22141
-20152
20198
-20158
-20141
-20157
-19836
-19814
-19833
19838
-19803
19845
19844
-4932
4937
-4898
-9406
9443
-24983
-9448
-25011
-24097
25009
-24106
-22170
22174
-22152
-22140
-22151
-22136
-20159
20204
-19909
-19835
19905
-19888
-19893
-19887
-19861
-19849
-19858
19863
4894
4896
-4887
-9447
-9643
-25012
-9645
-25145
-24107
25143
-24121
-22153
22546
22543
22131
22133
-21344
-19911
20828
20826
-19890
20275
-20257
-19862
20236
-20232
-19867
20230
-19707
-4886
4890
-4840
-9644
9694
9693
-9879
-25160
-25146
-9698
25158
-24127
-25159
-24135
-24120
24122
24123
-24065
22562
22559
-22547
22551
22550
-21353
22127
-21370
-21343
21348
21349
-21346
20840
20838
-20829
20833
20832
-20263
20907
-20892
-20256
-20261
20267
-20251
-20306
20887
20886
-20233
20248
20249
-19718
20310
20311
-20307
20303
20304
20322
-20320
20324
20336
-20335
20337
20338
-19706
19709
19708
19711
-1309
1314
1633
-1310
1631
20340
-20330
20339
20314
20312
20326
-20318
3626
3627
-1635
3625
279
-282
-2896
2700
2699
2683
-2679
2456
2455
2427
-2423
2212
2211
2171
-2167
1968
1967
1915
-1911
-283
-8688
-2897
-8690
-26320
-2704
26313
26312
-2681
26234
-24815
-2460
24811
-22242
-2425
-22241
-21874
-2216
21870
-21845
-2169
-21843
-20611
-1972
5901
5900
-1913
5228
-5100
-8689
8696
-26319
-8701
26322
-26316
26328
-24832
-24813
24818
24817
-22243
24823
-22204
-21872
21877
21875
-21844
21864
-20630
-20609
20614
20613
-5905
20620
-20041
-5099
5104
-5095
-8700
-8926
-26330
-8928
-24842
-24831
-24839
24844
-24826
24885
-24860
-22205
24856
-22198
-21879
21884
-20683
-20629
20679
-20648
-20623
-20646
-20079
-20040
20074
-20072
5091
5093
-4976
-8927
8946
-24841
-8951
-24904
-24888
-24903
-24896
-24859
24869
-24864
22194
22195
-21769
-20681
20686
20684
-20647
20673
-20098
-20077
20082
20081
-20073
20088
-18174
-4975
4980
-4959
-8950
-9164
-24905
-9166
-24971
-24897
24964
24963
-24866
24937
-21792
-21768
21787
-21785
-20688
20693
-20149
-20097
20146
-20115
-20091
-20113
-19812
-18173
19808
-18208
4955
4957
-4930
-9165
9196
-24970
-9201
24973
-24967
24979
-21811
-21790
21795
21794
-21786
21801
-21681
-20148
20154
20151
-20114
20140
-19819
-19810
19813
-19800
-18207
-19799
-19774
-4929
4934
-4901
-9200
-9402
-24981
-9404
-24093
-21810
-24091
24095
-21804
22171
-22144
-21682
22139
-22137
-20155
20160
-19831
-19818
-19828
19834
-19801
-19891
-19857
-19775
19848
19847
4897
4899
-4884
-9403
9446
-24094
-9451
-24103
-24099
-24101
24105
-22143
22154
-22148
22134
22135
-20490
-19829
19910
19908
19886
19889
-19884
-19855
19860
19859
-19851
19866
-18386
-4883
4888
-4843
-9450
-9640
-24104
-9642
-24119
-24109
-24117
-24069
-22149
22548
-21341
-20489
-21339
21342
-19914
20830
-20259
-19885
20255
-20254
-19869
20234
-19705
-18385
-19703
-18396
4839
4841
-4837
-9874
-9641
9697
9696
-9876
-24133
-24118
-9701
24126
24125
-24131
-24063
24064
24066
-24061
-21357
22564
-21373
-21340
21351
21352
-21300
21368
-21366
-21345
-21299
21347
-21119
20909
-20894
-20258
20265
20264
20262
20890
-20889
20250
20252
20253
-19722
-20344
20888
-7398
-20417
-19704
19717
19719
-19714
20875
-20874
20308
20309
-20317
20321
-20329
-20333
20343
-20341
-20334
20345
-20342
-18397
19712
-18414
19713
20347
20346
-7363
1311
-1306
7400
-7396
-7362
1636
-1307
1634
20328
-20332
-20873
20315
20316
20319
3629
3630
-1638
3628
281
-285
-2894
2703
2702
2680
-2676
2459
2458
2424
-2420
2215
2214
2168
-2164
1971
1970
1912
-1908
-286
-8685
-2895
-8687
-26317
-2707
26315
-24834
-2678
24814
-22239
-2463
-22238
-22207
-2422
21873
-21841
-2219
-21840
-20632
-2166
20610
-20607
-1975
5904
5903
-1910
5101
-5097
-8686
8699
-26318
-8704
-24838
24829
24830
-24827
-22240
24825
-22213
22202
22203
-22200
-21842
21880
-20639
20627
20628
-20624
-20608
20622
-20038
-5908
-20034
20039
5094
5096
-4973
-8703
-8923
-24837
-8925
24840
-24828
24887
24886
-22214
24861
24858
22197
22199
-21757
-20637
20682
-20643
-20626
-20642
-20100
-20037
20078
-20070
-20043
-20069
-18116
-4972
4977
-4962
-8924
8949
-24902
-8954
-24899
-24890
24895
-24893
-24862
24865
-21772
-21756
21767
-21765
-20644
20689
-20106
20095
20096
-20092
-20071
20090
-18177
-18115
18172
-18170
4958
4960
-4927
-8953
-9161
-24900
-9163
-24968
-24894
24966
-21813
-21771
21791
-21783
-21766
-21782
-21671
-20105
20150
-20110
-20094
-20109
-19821
-18176
19811
-18205
-18171
-18202
18206
-4926
4931
-4904
-9162
9199
-24969
-9204
-24090
21808
21809
-21805
-21784
21803
-21678
-21670
-21675
21680
-20111
20156
-19826
19816
19817
-19797
-18204
-19796
-19771
-18211
-19768
19773
4900
4902
-4881
-9203
-9399
-24089
-9401
24092
-21807
24098
-24076
-21679
22145
22142
-21684
22138
-20493
-19825
19832
19830
-19798
19892
-19876
-19772
19856
-19852
-19777
19850
-18383
-4880
4885
-4846
-9400
9449
-24100
-9454
24102
-24077
24108
-24071
-22146
22150
-21317
20487
20488
-20484
19912
19913
-19881
-19875
-19880
-19871
-19853
19868
-18379
-18382
-18376
18384
4842
4844
-4835
-9453
-9637
-24111
-9639
-24115
24067
24068
-21338
-21316
-21335
-21305
-20486
-21306
-21121
-19882
20260
-19743
-19872
-19742
-19702
-18378
-19699
-18393
-18388
-18390
18395
-4834
4838
-4788
-9871
-9638
9700
9699
-9873
-24129
-24116
-9704
24128
-21626
24062
-21621
-21336
21356
21355
21354
21372
-21363
21298
21301
21302
-21296
-21362
-21114
21117
21118
-21113
-20436
20895
-20432
-19744
20434
-20430
-19737
-20431
-7395
-20420
-19700
19721
19723
19720
-7393
-7365
20416
-7366
-20414
-18394
19715
19716
-18410
-20872
-20331
-18400
-18408
18413
18415
20349
20348
-7360
7361
-7359
1308
-1303
1639
-1304
1637
3632
3633
-1641
284
-288
-2892
2706
2705
2677
-2673
2462
2461
2421
-2417
2218
2217
2165
-2161
1974
1973
1909
-1905
-289
-8682
-2893
-8684
-24836
-2710
24833
-22237
-2675
-22235
-22210
-2466
22206
-21839
-2419
-21837
-20635
-2222
20631
-20606
-2163
-20604
-20033
-1978
5907
5906
-1907
5098
-4970
-8683
8702
-24835
-8707
-22231
-22236
-22230
-22221
-22208
22212
22211
-21838
22201
-21726
-20633
20638
20636
-20605
20625
-20052
-20031
20036
20035
-5911
20042
-10601
-4969
4974
-4965
-8706
-8920
-22232
-8922
-24901
-22222
24891
24889
-22216
24863
-21754
-21725
-21751
21755
-20640
20645
-20102
-20051
20099
-20068
-20045
-20066
-18113
-10600
-18110
18114
4961
4963
-4924
-8921
8952
24898
-8957
-21821
-24892
-21820
-21776
-21753
21770
-21762
-21759
-21761
-21658
-20101
20107
20104
-20067
20093
-18180
-18112
18175
-18168
-18119
-18167
-18137
-4923
4928
-4907
-8956
-9158
-21822
-9160
-21817
-21774
21812
-21780
-21764
-21778
-21674
-21657
21669
-21667
-20108
20112
-19823
-18179
19820
-18201
-18169
-18198
18203
-18138
18210
18209
4903
4905
-4878
-9159
9202
-21816
-9207
-24087
-21779
21806
-21691
-21672
21677
21676
-21668
21683
-20496
-19822
19827
-19793
-18200
-19792
-19784
-19766
19770
19769
-18214
19776
-18280
-4877
4882
-4849
-9206
-9396
-24088
-9398
-24079
-21692
24075
-24073
-21686
22147
-21314
20491
20492
-19919
-19794
19915
-19878
-19785
19874
-19873
-19779
19854
-18381
-18279
-18380
-18290
4845
4847
-4832
-9397
9452
-24080
-9457
24110
24070
24072
-21322
-21312
21315
-21308
-19918
20485
-20482
-19877
19883
-19748
19870
-19747
-18374
18375
-18372
18377
-18291
18387
-18308
-4831
4836
-4791
-9456
-9634
-24113
-9636
-21628
-21320
21337
-21333
21303
21304
-21124
-20483
21120
-20441
19741
19745
-19739
-18373
19701
-19697
-18389
18392
18391
-18309
18399
18398
4787
4789
-9868
-9635
9703
9702
-9870
-21623
21625
-9707
-21622
-10537
21620
-21361
-21334
-10536
21358
-7714
-21359
21365
-21123
-7713
21297
-21294
21115
21116
20435
20438
20439
20437
20433
-7392
-20428
19735
19738
19736
-19732
-7390
-7368
20419
-7369
20418
-19698
19725
19726
19724
7364
-7357
20415
-7358
-20412
-18406
18411
18412
18409
-18402
18416
18417
20351
20350
-7323
-7356
-7322
1305
-1300
1642
-1301
287
-291
-2890
2709
2708
2674
-2670
2465
2464
2418
-2414
2221
2220
2162
-2158
1977
1976
1906
-1902
-292
-8679
-2891
-8681
-22234
-2713
-22233
-22224
-2672
22209
-21835
-2469
-21834
-21728
-2416
20634
-20602
-2225
-20601
-20054
-2160
20032
-20029
-1981
5910
5909
-1904
4971
-4967
-8680
8705
22229
-8710
-22227
22219
22220
-22217
-21836
22215
-21734
21723
21724
-21721
-20603
20641
-20061
20049
20050
-20046
-20030
20044
-10598
-5914
-10594
10599
4964
4966
-4921
-8709
-8917
-22228
-8919
-21825
-22218
-21824
-21750
-21733
-21748
21752
-21722
21758
-21655
-20059
20103
-20064
-20048
-20063
-18109
-10597
-18105
18111
-10604
18118
18117
-4920
4925
-4910
-8918
8955
21819
-8960
-21818
-21749
21775
21773
-21760
21763
-21662
-21654
21656
-20009
-20065
-20008
-18185
-18107
18178
-18161
-18166
-18160
-18134
-18122
-18131
18136
4906
4908
-4875
-8959
-9155
21814
-9157
21815
-21777
21781
-21695
-21660
21673
-21665
-20011
-21664
-20498
-18183
19824
-18196
-18163
-18193
18199
-18135
19767
-19764
-18140
18213
18212
-4874
4879
-4852
-9156
9205
-24086
-9210
-24083
21690
21693
-21687
-21666
21685
-20510
20494
20495
-19923
-18195
19795
-19789
19782
19783
-19780
-19765
19778
-18277
-18217
-18273
18278
4848
4850
-4829
-9209
-9393
24078
-9395
24081
-21688
24074
-21325
-20509
21313
-21310
19916
19920
19917
-19790
19879
-19752
-19781
-19751
-18341
-18276
-18340
-18287
-18282
-18284
18289
-4828
4833
-4794
-9394
9455
24112
-9460
-21630
21318
21321
21319
21307
21309
-20481
-20470
-20479
-20446
19746
19749
-18371
-18339
-18368
-18332
-18288
-18333
-18305
-18294
-18302
18307
4790
4792
-9459
-9631
21627
-9633
-10541
-21332
-10540
-7719
-20480
-7717
21122
20440
20442
20443
-18370
19740
-19696
-18334
-19694
-18427
-18306
18407
-18403
-18311
18401
-9865
-9632
9706
9705
-9867
-10533
10535
-9710
-10531
10538
-10532
-7708
7711
7715
-7706
7712
-7709
21389
-21127
-21292
21295
-21207
-21390
-7389
-21200
-21131
21134
21133
21132
-7387
-7371
20429
-7372
-20426
-19695
19734
19733
-19729
7367
-7354
20422
-7355
20421
-18428
19727
19728
-18422
-7353
-7325
20413
-7326
-20411
-18404
18418
18419
20353
-7320
7321
-7319
1302
290
-294
-2888
2712
2711
2671
-2667
2468
2467
2415
-2411
2224
2223
2159
-2155
1980
1979
1903
-1899
-295
-8676
-2889
-8678
-22226
-2716
22223
-21833
-2669
-21831
-21731
-2472
21727
-20600
-2413
-20598
-20057
-2228
20053
-20028
-2157
-20026
-10593
-1984
5913
5912
-1901
4968
-4918
-8677
8708
-22225
-8713
-21828
-21832
-21827
-21738
-21729
21732
-21719
-20599
-21718
-20567
-20055
20060
20058
-20027
20047
-18104
-10591
10596
10595
-5917
10603
10602
-4917
4922
-4913
-8712
-8914
21823
-8916
-21747
-21737
-21745
-21713
-21720
-21714
-21653
-20566
-21650
-20015
-20062
-20013
-18188
-18103
18108
18106
-18080
-18164
-18130
-10607
18121
18120
4909
4911
-4872
-8915
8958
-21746
-8963
-21708
-21715
-21707
-21699
-21651
21661
21659
20007
20010
-20005
18181
18184
18182
18159
18162
-18157
-18128
18133
18132
-18124
18139
-18035
-4871
4876
-4855
-8962
-9152
-21709
-9154
-24085
21694
21696
-21642
-21663
-21640
-20502
-20006
20497
-19927
-18191
18197
18194
-18158
19786
-19763
-18142
-19761
-18272
-18036
18216
18215
4851
4853
-4826
-9153
9208
24082
-9213
24084
-21641
21689
-20515
-20500
20508
-20505
19921
19924
19922
-19787
19791
-19756
-19762
-19755
-18344
-18270
18275
18274
-18220
18281
-18238
-4825
4830
-4797
-9212
-9390
24114
-9392
-21632
-20512
21324
21323
-20506
21311
-20473
-20468
20469
-20448
19750
19753
-18362
18337
18338
-18335
-18283
18286
18285
-18239
18293
18292
4793
4795
-9391
9458
21629
-9463
-10545
-21327
-10544
-7724
-20472
-7722
-20476
20444
20445
-19656
-18360
18369
-18365
18330
18331
-18328
-18300
18304
18303
-18296
18310
-9462
-9628
10539
-9630
10542
7716
7720
7718
-20477
21126
21125
-19657
-21128
-19691
-18367
-19690
-18430
-18329
18426
-18424
-18313
18405
-9862
-9629
9709
9708
-9864
-10530
-28509
-9713
-10528
-21256
7707
7710
-21291
-21255
21293
-21216
21391
-7386
-21204
-21129
21206
-21201
21205
-7384
-7374
21199
-7375
-21197
-19692
21137
21136
21135
7370
-7351
20427
-7352
-20424
-18431
19731
19730
-18436
-7350
-7328
20423
-7329
-20410
18420
18421
18423
7324
-7317
-20409
-7318
-7316
293
-297
-2886
2715
2714
2668
-2664
2471
2470
2412
-2408
2227
2226
2156
-2152
1983
1982
1900
-1896
-298
-8673
-2887
-8675
-21830
-2719
-21829
-21740
-2666
21730
-20597
-2475
-20595
-20564
-2410
20056
-20024
-2231
-20023
-18102
-2154
10592
-10589
-1987
5916
5915
-1898
4919
-4915
-8674
8711
21826
-8716
-21744
21735
21736
-21717
-20596
-21716
-20571
-20563
20565
-20018
-20025
-20017
-18097
-18101
-18094
-18083
-10590
18079
-18076
-5920
10606
10605
4912
4914
-4869
-8715
-8911
-21743
-8913
-21711
21712
-21710
-21701
-20570
21652
-21648
20012
20014
-19971
-18095
18187
18186
-18084
18165
-18149
-18078
18129
-18125
-10610
18123
-18025
-4868
4873
-4858
-8912
8961
21706
-8966
-21704
21697
21698
-21645
-21649
-21644
-20004
-19970
-20001
-19932
-18189
18192
-18154
-18148
-18153
-18144
-18126
18141
-18032
-18024
-18029
18034
4854
4856
-4823
-8965
-9149
-21705
-9151
-21637
21639
-21636
-20519
-20002
20501
20499
19925
19928
19926
-18155
19788
-19759
-18145
-19758
-18346
-18033
18271
-18268
-18038
18219
18218
-4822
4827
-4800
-9150
9211
-21638
-9216
-21634
20511
20514
20513
-20503
20507
-20467
-20456
-20465
-20452
19754
19757
-18358
18342
18343
-18263
-18269
-18261
-18235
-18223
-18232
18237
4796
4798
-9215
-9387
21631
-9389
-10549
21326
-10548
-7729
-20466
-7727
20471
20447
20449
-19659
-18356
18361
18359
-18262
18336
-18320
-18236
18301
-18297
-18241
18295
-9388
9461
10543
-9466
10546
7721
7725
7723
-20474
20478
-19664
19654
19655
-19652
-18363
18366
-18325
-18319
-18324
-18315
-18298
18312
-9465
-9625
-28508
-9627
-21259
-21290
-21258
-21218
-19665
21130
-19687
-19653
-19686
19693
-18326
18432
18429
-18316
18425
-9859
-9626
9712
9711
-10526
-10515
-10511
10529
-10514
10527
-10524
21254
-9716
-21253
-21223
-10512
10513
-7383
-21252
-21234
21213
21214
21215
-21210
-7381
-7377
21203
-7378
21202
-19689
21208
21209
-21154
7373
-7348
21198
-7349
-21196
21138
21139
21141
21140
-7347
-7331
20425
-7332
-20407
-18433
18438
18437
7327
-7314
-20406
-7315
-7313
296
-300
-2884
2718
2717
2665
-2661
2474
2473
2409
-2405
2230
2229
2153
-2149
1986
1985
1897
-1893
-301
-8670
-2885
-8672
-21742
-2722
21739
-20594
-2663
-20592
-20562
-2478
-20559
-20022
-2407
-20020
-18100
-2234
-18098
-10588
-2151
-10586
-7777
-1990
5919
5918
-1895
4916
-4866
-8671
8714
-21741
-8719
-20589
-20593
-20588
-20579
-20560
20569
20568
20016
20019
-19968
18093
18096
-18090
-10587
18082
18081
-7778
18077
-18074
-5923
10609
10608
-4865
4870
-4861
-8718
-8908
-20587
-8910
-21703
-20578
21700
-21647
-20573
-21646
-19975
-19967
19969
-19934
-18091
18190
-18151
-18086
18147
-18146
-18075
18127
-18028
-10613
18023
-18021
4857
4859
-4820
-8909
8964
-21702
-8969
-20545
21643
-20544
-20523
-19973
20003
-19998
19929
19931
19930
-18150
18156
-18057
18143
-18056
-18045
-18026
18031
18030
-18022
18037
-17957
-4819
4824
-4803
-8968
-9146
-20543
-9148
-21635
20516
20518
20517
-19999
20504
-20459
-19995
20455
-20453
-18058
19760
-18350
-18046
18345
-18266
-18040
-18265
-18231
-17958
18222
18221
4799
4801
-9147
9214
21633
-9219
-10553
21328
-10552
-7734
-20458
-7732
-20462
20450
20451
-19573
-18348
18357
-18353
18260
18264
-18258
-18229
18234
18233
-18225
18240
-9218
-9384
10547
-9386
10550
7726
7730
7728
-20463
20475
-19662
-19572
19658
-19608
-18354
18364
-18322
-18259
18318
-18317
-18243
18299
-9385
9464
-28507
-9469
-21262
-21289
-21261
-19669
-19660
19663
-19650
-19607
-19649
-19625
-18321
18327
-17885
18314
-17884
-9468
-9622
21257
-9624
-21220
-19668
21217
-19685
-19651
-19682
19688
-19626
21143
21142
-17886
18434
9861
-9857
-9623
9715
9714
10510
-10498
-10508
-10509
-10522
-10517
-10521
10525
-21251
-21246
-21239
-21242
-21219
-9719
21221
21222
-10501
-10506
10516
10518
-7196
-7379
-21238
-21248
-21250
21233
-7380
-21230
-19684
21211
21212
-21186
7376
-7345
-21228
-7346
-21194
-21149
21152
21153
21151
-7344
-7334
-21193
-7335
-21161
-21145
-21155
21158
7330
-7311
20408
-7312
-7310
299
-303
-2882
2721
2720
2662
-2658
2477
2476
2406
-2402
2233
2232
2150
-2146
1989
1988
1894
-1890
-304
-8667
-2883
-8669
-20591
-2725
-20590
-20581
-2660
20561
-20557
-2481
20021
-19966
-2404
18099
-10585
-2237
-10583
-7773
-2148
-7772
7776
-1993
5922
5921
-1892
4867
-4863
-8668
8717
20586
-8722
-20584
20576
20577
-20574
-20558
20572
-19961
-19965
-19958
-19939
-10584
18092
-18087
-7775
18085
-18072
-7781
-18071
-18011
-5926
10612
10611
4860
4862
-4817
-8721
-8905
-20585
-8907
-20548
-20575
-20547
-20527
-19959
19974
19972
19933
19935
19936
-18088
18152
-18062
-18073
-18061
-18048
-18010
18027
-18019
-10616
-18018
-17947
-4816
4821
-4806
-8906
8967
20542
-8972
-20540
20520
20521
20522
-19977
20000
-19996
-19983
19994
-19992
18055
18059
-18052
18043
18044
-18041
-18020
18039
-17954
-17946
-17951
17956
4802
4804
-8971
-9143
-20541
-9145
-10557
21329
-10556
-7739
-19997
-7737
20457
-19993
20454
-19575
-18053
18349
18347
-18042
18267
-18250
-17955
18230
-18226
-17960
18224
-9144
9217
10551
-9222
10554
7731
7735
7733
-20460
20464
-19581
19570
19571
-19568
-18351
18355
-18256
-18249
-18254
-18245
-18227
18242
-9221
-9381
-28506
-9383
-21265
-21288
-21264
-19671
-19580
19661
-19605
-19569
-19602
19606
-18255
18323
-17890
-18246
-17889
-9382
9467
21260
-9472
-19676
19666
19667
-19646
-19604
-19645
-19622
-19611
-19619
19624
17883
17887
-9471
-9619
-19675
-9621
-19680
-19648
-19678
19683
-19623
21150
-21146
-19628
21144
9858
-7117
-9855
-9620
9718
9717
10497
-10494
-10505
-10496
-10519
10523
21245
-21243
21236
-21235
21237
21241
21240
-19681
-9722
-21183
21224
-9856
-21227
-7200
10499
10507
-10503
10520
21247
7197
-7116
7195
-7199
-7342
-21249
-21225
-7343
21229
-21180
-21182
21187
21185
-7341
-7337
21195
-7338
-21192
-21147
21156
21157
7333
-7308
21160
-7309
-7307
302
-306
-2880
2724
2723
2659
-2655
2480
2479
2403
-2399
2236
2235
2147
-2143
1992
1991
1891
-1887
-307
-8664
-2881
-8666
-20583
-2728
20580
-20556
-2657
-20554
-19964
-2484
-19962
-10582
-2401
-10580
-7769
-2240
-7768
7774
-2145
7780
7779
-1996
5925
5924
-1889
4864
-4814
-8665
8720
-20582
-8725
-20551
-20555
-20550
-20530
19957
19960
-19954
-10581
19938
19937
-7771
18089
-18066
-18070
-18065
-18008
-7784
-18005
18009
-5929
10615
10614
-4813
4818
-4809
-8724
-8902
20546
-8904
-20539
20524
20525
20526
-19955
19978
19976
-19942
-19979
19982
18060
18063
-18050
-18007
18047
-18017
-18013
-18015
-17950
-10619
17945
-17943
4805
4807
-8903
8970
-20538
-8975
-10560
21330
-10561
-7744
-19981
-7742
-19989
-19985
-19988
-19500
-18049
18054
-17979
-18016
-17978
-17967
-17948
17953
17952
-17944
17959
-8974
-9140
10555
-9142
10558
7736
7740
7738
-19990
20461
-19578
-19499
19574
-19526
-17980
18352
-18252
-17968
18248
-18247
-17962
18228
-9141
9220
-28505
-9225
-21268
-21287
-21267
-19585
-19576
19579
-19566
-19525
-19565
-19543
-18251
18257
-17894
18244
-17893
-9224
-9378
21263
-9380
-19673
-19584
19670
-19601
-19567
-19598
19603
-19544
19610
19609
17888
17891
-9379
9470
-19672
-9475
19674
-19600
19647
-19643
-19617
19621
19620
-19613
19627
-9474
-9616
-19677
-9618
19679
-19644
21179
-21177
-19630
21148
-7112
-7114
-9853
-9617
9721
9720
10495
21244
-21181
-9725
-21171
21184
-9854
21226
-7203
-7113
7198
-7202
-7339
21231
-7340
-21190
-21178
-21172
21188
7336
-7305
-21189
-7306
-7304
305
-309
-2878
2727
2726
2656
-2652
2483
2482
2400
-2396
2239
2238
2144
-2140
1995
1994
1888
-1884
-310
-8661
-2879
-8663
-20553
-2731
-20552
-20533
-2654
19963
-10579
-2487
-10577
-7765
-2398
-7764
7770
-2243
-18068
-17997
-2142
7783
7782
-1999
5928
5927
-1886
4815
-4811
-8662
8723
20549
-8728
-20537
20528
20529
20531
-10578
19956
-19952
-7766
19941
19940
18064
18067
-18003
-17996
-18001
18006
-7787
18012
-17933
-5932
10618
10617
4808
4810
-8727
-8899
-20536
-8901
-10564
21331
-10565
-7749
-19953
-7747
19980
-19945
19984
-19444
-18002
18051
-17984
-18014
-17983
-17970
-17932
17949
-17941
-10622
-17940
-8900
8973
10559
-8978
10562
7741
7745
7743
-19986
19991
-19503
-19443
19498
-19496
17977
17981
-17974
17965
17966
-17963
-17942
17961
-8977
-9137
-28504
-9139
-21271
-21286
-21270
-19587
-19502
19577
-19523
-19497
-19520
19524
-17975
18253
-17898
-17964
-17897
-9138
9223
21266
-9228
-19592
19582
19583
-19562
-19522
-19561
-19540
-19529
-19537
19542
17892
17895
-9227
-9375
-19591
-9377
-19596
-19564
-19594
19599
-19541
19618
-19614
-19546
19612
-9376
9473
-19597
-9478
-19640
-19637
-19639
-19632
-19615
19629
-9477
-9613
-19642
-9615
-21176
-19634
-21175
-7109
-7111
-9851
-9614
9724
9723
21170
-9728
21173
-9852
21232
-7206
-7110
7201
-7205
-7302
21191
-7303
-7301
308
-312
-2876
2730
2729
2653
-2649
2486
2485
2397
-2393
2242
2241
2141
-2137
1998
1997
1885
-1881
-313
-8658
-2877
-8660
-20535
-2734
20532
-10575
-2651
-10574
-7761
-2490
-7760
7767
-2395
18069
-17999
-2246
17995
-17993
-2139
7786
7785
-2002
5931
5930
-1883
4812
-8659
8726
-20534
-8731
-10568
-10576
-10569
-7754
-7763
-7752
-19949
19943
19944
-19413
-17998
18004
-17987
-17994
-17988
-17930
-7790
-17927
17931
-5935
10621
-8730
-8896
10563
-8898
10566
7746
7750
7748
-19950
19987
-19441
-19412
-19438
19442
17982
17985
-17972
-17929
17969
-17939
-17935
-17937
-8897
8976
-28503
-8981
-21274
-21285
-21273
-19506
-19440
19501
-19494
-19447
-19493
-19465
-17971
17976
-17902
-17938
-17901
-8980
-9134
21269
-9136
-19589
-19505
19586
-19519
-19495
-19516
19521
-19466
19528
19527
17896
17899
-9135
9226
-19588
-9231
19590
-19518
19563
-19559
-19535
19539
19538
-19531
19545
-9230
-9372
-19593
-9374
19595
-19560
19636
-19635
-19548
19616
-9373
9476
-19638
-9481
19641
19631
19633
-9480
-9610
21174
-9612
-7106
-7108
-9849
-9611
9727
-9850
-7209
-7107
7204
-7208
311
-315
-2874
2733
2732
2650
-2646
2489
2488
2394
-2390
2245
2244
2138
-2134
2001
2000
1882
-316
-8655
-2875
-8657
-10572
-2737
-10571
-7757
-2648
-7756
7762
-2493
19946
-19402
-2392
18000
-17991
-2249
-17990
-17919
-2136
7789
7788
-2005
5934
-8656
8729
10567
-8734
10570
7751
7755
7753
-19947
19951
-19410
-19401
-19406
19411
17986
17989
-17925
-17918
-17923
17928
-7793
17934
-8733
-8893
-28502
-8895
-21277
-21284
-21276
-19437
-19409
-19434
19439
-19415
19446
19445
-17924
17973
-17906
-17936
-17905
-8894
8979
21272
-8984
-19509
-19436
19504
-19487
-19492
-19486
-19462
-19450
-19459
19464
17900
17903
-8983
-9131
-19508
-9133
-19514
-19489
-19512
19517
-19463
19536
-19532
-19468
19530
-9132
9229
-19515
-9234
-19557
-19554
-19556
-19550
-19533
19547
-9233
-9369
-19558
-9371
-19329
-19551
-19328
-9370
9479
-19330
-9484
-9483
-7103
-7105
-7104
314
-318
-2872
2736
2735
2647
-2643
2492
2491
2391
-2387
2248
2247
2135
-2131
2004
-319
-8652
-2873
-8654
10573
-2740
7759
7758
-2645
19948
-19405
-2496
19400
-19398
-2389
17992
-17921
-2252
17917
-17915
-2133
7792
-8653
8732
-28501
-8737
-21280
-21283
-21279
-19423
-19403
19408
19407
-19399
19414
-19368
-17920
17926
-17909
-17916
-17910
-8736
-8890
21275
-8892
-19433
-19422
-19430
19435
-19417
-19490
-19458
-19369
19449
19448
17904
17907
-8891
8982
-19431
-8987
19507
19485
19488
-19483
-19456
19461
19460
-19452
19467
-8986
-9128
-19511
-9130
19513
-19484
19553
-19552
-19470
19534
-9129
9232
-19555
-9237
-19333
19549
-19332
-9236
-9366
19327
-9368
-9367
317
-321
-2870
2739
2738
2644
-2640
2495
2494
2388
-2384
2251
2250
2132
-322
-8649
-2871
-8651
-21282
-2743
-21281
-19425
-2642
19404
-19396
-2499
-19395
-19358
-2386
17922
-17913
-2255
-17912
-8650
8735
21278
-8740
-19429
19420
19421
-19418
-19397
19416
-19365
-19357
-19362
19367
17908
17911
-8739
-8887
-19428
-8889
19432
-19419
19491
-19477
-19366
19457
-19453
-19371
19451
-8888
8985
19510
-8990
-19481
-19476
-19480
-19472
-19454
19469
-8989
-9125
-19482
-9127
-19336
-19473
-19335
-9126
9235
19331
-9240
-9239
320
-324
-2868
2742
2741
2641
-2637
2498
2497
2385
-2381
2254
-325
-8646
-2869
-8648
-19427
-2746
19424
-19394
-2639
-19392
-19361
-2502
19356
-19354
-2383
17914
-8647
8738
-19426
-8743
-19388
-19393
-19387
-19378
-19359
19364
19363
-19355
19370
-8742
-8884
-19389
-8886
-19479
-19379
19475
-19474
-19373
19455
-8885
8988
-19478
-8993
-19339
19471
-19338
-8992
-9122
19334
-9124
-9123
323
-327
-2866
2745
2744
2638
-2634
2501
2500
2382
-328
-8643
-2867
-8645
-19391
-2749
-19390
-19381
-2636
19360
-19352
-2505
-19351
-8644
8741
19386
-8746
-19384
19376
19377
-19374
-19353
19372
-8745
-8881
-19385
-8883
-19342
-19375
-19341
-8882
8991
19337
-8996
-8995
326
-330
-2864
2748
2747
2635
-2631
2504
-331
-8640
-2865
-8642
-19383
-2752
19380
-19350
-2633
-19348
-8641
8744
-19382
-8749
-19345
-19349
-19344
-8748
-8878
19340
-8880
-8879
329
-333
-2862
2751
2750
2632
-334
-8637
-2863
-8639
-19347
-2755
-19346
-8638
8747
19343
-8752
-8751
332
-336
-2860
2754
-337
-8634
-2861
-8636
-8635
335
-339
-340
29941
29942
29943
29944
29945
29946
29947
29948
29949
29950
29951
29952
29953
29954
29955
29956
29957
29958
29959
29960
29981
29982
29983
29984
29985
29986
29987
29988
29989
29990
29991
29992
29993
29994
29995
29996
29997
29998
29999
30000
30001
30002
30003
30004
30006
30007
30013
30014
30015
30016
30341
30342
30343
30344
30345
30346
30347
30353
30355
30358
30359
30363
30365
30366
30367
30368
30369
30370
30371
30373
30374
30376
30378
30380
30381
30382
30383
30400
30401
30402
30403
30404
30405
30406
30407
30408
30409
30410
30411
30412
30413
30414
30415
30416
30417
30418
30419
30420
30421
30422
30423
30424
30425
30426
30427
30428
30429
30430
30431
30432
30433
30434
30435
30436
30437
30438
30439
30440
30441
30442
30443
30444
30445
30446
30447
30448
30449
30450
30452
30455
30457
30458
30459
30460
30461
30462
30463
30464
30465
30466
30467
30580
30581
30582
30583
30584
30585
30586
30587
30588
30589
30590
30591
30592
30593
30594
30595
30596
30597
30598
30599
30600
30601
30602
30603
30604
30605
30606
30607
30608
30609
30610
30611
30612
30613
30614
30615
30620
30621
30622
30623
30624
30625
30626
30627
30628
30629
30631
30633
30635
30637
30638
30639
30641
30643
30645
30647
30648
30649
30650
30651
30652
30653
30654
30656
30659
30661
30662
30663
30664
30665
30666
30667
30668
30669
30671
30673
30674
30691
30692
30693
30694
30695
30696
30697
30698
30699
30700
30701
30702
30703
30704
30705
30706
30707
30708
30718
30719
30720
30721
30722
30723
30724
30730
30731
30732
30733
30734
30735
30736
30737
30738
30743
30744
30745
30746
30747
30748
30749
30750
30755
30763
30764
30765
30766
30767
30768
30769
30777
30779
30781
30782
30783
30784
30785
30786
31380
31381
31390
31391
31392
31393
31394
31395
31396
31397
31398
31399
31400
31401
31402
31404
31405
31407
31408
31409
31410
31411
31412
31413
31414
31416
31417
31419
31420
31421
31423
31425
31428
31429
31430
31431
31432
31433
31434
31435
31436
31437
31438
31439
31440
31441
31442
31443
31444
31445
31454
31455
31456
31457
31458
31459
31460
31461
31465
31467
31470
31471
31472
31473
31474
31476
31477
31479
31480
31481
31482
31483
31484
31485
31486
31488
31489
31491
31492
31493
31494
31495
31496
31497
31498
31500
31501
31503
31504
31505
31506
31507
31508
31509
31510
31511
31512
31513
31515
31516
31517
31519
31522
31523
31526
31528
31529
31530
31531
31532
31533
31534
31535
31536
31537
31538
31539
31540
31541
31542
31543
31544
31545
31546
31547
31548
31549
31550
31551
31552
31553
31554
31555
31556
31557
31558
31559
31560
31561
31562
31563
31564
31565
31566
31568
31569
31571
31572
31573
31574
31575
31576
31577
31578
31580
31581
31583
31584
31585
31586
31587
31588
31589
31590
31592
31593
31596
31597
31599
31600
31601
31602
31603
31604
31605
31606
31607
31608
31609
31610
31611
31612
31613
31614
31615
31616
31617
31618
31619
31620
31621
31622
31624
31625
31627
31628
31629
31630
31633
31634
31637
31638
31639
31640
31643
31644
31645
31646
31647
31648
31649
31651
31652
31653
31655
31657
31667
31668
31669
31670
31689
31690
31691
31698
31699
31700
31709
31710
31711
31712
31713
31714
31732
31733
31734
31735
31736
31737
31738
31739
31740
31745
31746
31747
31766
31767
31768
31769
31770
31771
31772
31809
31819
32209
32210
32219
32220
32221
32222
32223
32224
32225
32226
32227
32228
32229
32230
32231
32232
32233
32234
32235
32236
32237
32238
32239
32240
32241
32242
32243
32244
32245
32246
32247
32248
32249
32250
32251
32252
32253
32254
32255
32256
32257
32258
32259
32260
32261
32262
32263
32264
32265
32266
32275
32276
32277
32278
32279
32280
32281
32282
32285
32286
32289
32290
32291
32292
32293
32294
32295
32296
32297
32298
32299
32300
32301
32302
32303
32304
32305
32306
32307
32308
32309
32310
32311
32312
32313
32314
32315
32316
32317
32318
32319
32320
32321
32322
32323
32324
32325
32326
32327
32328
32329
32330
32333
32334
32336
32337
32338
32339
32340
32341
32342
32343
32344
32345
32346
32347
32348
32349
32350
32351
32352
32353
32354
32355
32356
32357
32358
32359
32360
32361
32362
32363
32364
32365
32366
32367
32368
32369
32370
32371
32372
32373
32374
32375
32376
32377
32378
32379
32380
32381
32382
32383
32384
32385
32386
32387
32388
32389
32390
32391
32392
32393
32394
32395
32396
32397
32398
32399
32400
32401
32402
32403
32404
32405
32406
32407
32408
32409
32410
32411
32412
32413
32414
32415
32416
32417
32418
32419
32420
32421
32422
32423
32424
32425
32426
32427
32428
32429
32430
32431
32432
32433
32434
32435
32436
32437
32438
32439
32440
32441
32442
32443
32444
32445
32446
32447
32448
32449
32450
32451
32452
32453
32732
32734
32757
32758
32759
32767
32768
32769
32779
32780
32781
32782
32787
32788
32789
32790
32791
32792
32793
32794
32795
32814
32815
32816
32817
32818
32819
32820
32821
32849
32850
32851
32852
32853
32854
32855
32862
32969
32970
32971
32972
32973
32974
32975
32976
32977
32978
32979
32980
32981
32982
32983
32984
32985
32986
32987
32988
32989
32990
32991
32992
32993
32994
32995
32996
32997
32998
32999
33000
33001
33002
33003
33004
33005
33006
33007
33008
33017
33018
33019
33020
33021
33022
33023
33024
33025
33026
33027
33028
33029
33030
33031
33032
33033
33034
33035
33036
33037
33038
33039
33040
33041
33042
33043
33044
33045
33046
33047
33048
33049
33050
33051
33052
33053
33054
33055
33056
33065
33066
33067
33072
33073
33074
33079
33088
33089
33090
33091
33092
33093
33094
33100
33101
33102
33107
33108
33109
33110
33114
33115
33116
33117
33118
33119
33120
33123
33124
338
-1297
1640
-1878
2003
-2128
2253
-2378
2503
-2628
2753
-2858
3631
-4762
-4765
-4768
-4771
-4774
-4777
-4780
-4783
-4785
5933
-7100
7207
-7282
-7285
-7288
-7291
-7294
-7297
-7299
7791
-8631
8750
-8875
8994
-9119
9238
-9363
9482
-9607
9726
-9847
10620
-11404
-11407
-11411
-11415
-11418
-11432
-11435
-11440
-11443
-11453
-11455
-11458
-11461
-11465
-11470
-11474
-11477
-17334
-17337
-17342
-17345
-17355
-17357
-17359
-17361
-17365
-17369
-17373
-17376
-17432
-17435
-17438
-17441
-17667
-17670
-17673
-17675
-17679
-17684
-17688
-17691
-17704
-17707
-17711
-17860
-17863
-17866
-17868
-17871
-17875
-17877
-17881
18435
-19176
-19179
-19181
-19183
-19186
-19189
-19193
-19195
-19198
-19202
-19235
-19238
-19244
-19248
-19252
-19256
-19260
-19262
-19264
-19267
-19323
-19325
-19326
20352
-20401
-20403
-20404
21159
-21164
-21166
-21168
-21169
-81
169
-246
1312
-1621
2931
-3030
3089
-3166
3225
-3302
3361
-3426
3494
-3606
4999
-5064
5129
-5194
5259
5260
-5327
5386
-5457
5516
-5587
5646
-5717
5767
-5837
7115
-7192
7382
7385
7388
7391
7394
7397
7399
-7702
9670
9673
9676
9679
9682
9685
9688
9691
9860
9863
9866
9869
9872
9875
9877
9878
-10489
-10492
10500
10502
10534
20295
20298
20839
20844
20847
20849
-20861
-20864
-20870
-20871
-20883
20891
20893
-20902
20908
-21110
21360
21364
21367
21369
21371
-21387
-21616
21624
22075
22078
22082
22084
22086
22088
-22106
22112
-22121
22451
22455
22458
22460
22464
22479
22482
22486
22488
22490
22491
22492
22494
-22510
22515
22516
22517
-22525
22558
22560
22563
-23524
23922
23926
23929
23931
23935
23938
23943
23946
-23977
-23978
24005
24007
24009
24010
-24058
24130
24132
24134
-24731
24739
24747
-24765
25101
25106
25108
25111
25114
25123
25126
25130
25133
25161
25163
25165
25166
25167
25168
-25715
25724
25726
25729
25735
-25789
-26193
26430
26433
26437
26452
26454
26456
26460
26465
26531
26534
-26540
26548
26562
26566
26569
26571
26573
-27051
-27173
27184
-27480
27635
27639
27641
27643
27645
27651
27655
27658
27660
27661
-28135
28140
28145
-28179
-28494
)


// ************************************************************************* //
