/*--------------------------------*- C++ -*----------------------------------*\
| =========                 |                                                 |
| \\      /  F ield         | OpenFOAM: The Open Source CFD Toolbox           |
|  \\    /   O peration     | Version:  2512                                  |
|   \\  /    A nd           | Website:  www.openfoam.com                      |
|    \\/     M anipulation  |                                                 |
\*---------------------------------------------------------------------------*/
FoamFile
{
    version     2.0;
    format      ascii;
    arch        "LSB;label=32;scalar=64";
    note        "nPoints:3255  nCells:2636  nFaces:8479  nInternalFaces:7255";
    class       labelList;
    location    "constant/polyMesh";
    object      neighbour;
}
// * * * * * * * * * * * * * * * * * * * * * * * * * * * * * * * * * * * * * //


7255
(
1
2
3
4
5
6
5
7
8
6
8
9
10
11
12
11
13
14
12
14
15
13
16
17
14
17
18
15
18
19
20
21
22
21
23
24
22
24
25
23
26
27
24
27
28
25
28
29
26
30
31
27
31
32
28
32
33
29
33
34
35
36
37
36
38
39
37
39
40
38
41
42
39
42
43
40
43
44
41
45
46
42
46
47
43
47
48
44
48
49
45
50
51
46
51
52
47
52
53
48
53
54
49
54
55
56
57
58
57
59
60
58
60
61
59
62
63
60
63
64
61
64
65
62
66
67
63
67
68
64
68
69
65
69
70
66
71
72
67
72
73
68
73
74
69
74
75
70
75
76
71
77
78
72
78
79
73
79
80
74
80
81
75
81
82
76
82
83
84
85
86
85
87
88
86
88
89
87
90
91
88
91
92
89
92
93
90
94
95
91
95
96
92
96
97
93
97
98
94
99
100
95
100
101
96
101
102
97
102
103
98
103
104
99
105
106
100
106
107
101
107
108
102
108
109
103
109
110
104
110
111
105
112
113
106
113
114
107
114
115
108
115
116
109
116
117
110
117
118
111
118
119
120
121
122
121
123
124
122
124
125
123
126
127
124
127
128
125
128
129
126
130
131
127
131
132
128
132
133
129
133
134
130
135
136
131
136
137
132
137
138
133
138
139
134
139
140
135
141
142
136
142
143
137
143
144
138
144
145
139
145
146
140
146
147
141
148
149
142
149
150
143
150
151
144
151
152
145
152
153
146
153
154
147
154
155
148
156
157
149
157
158
150
158
159
151
159
160
152
160
161
153
161
162
154
162
163
155
163
164
165
166
167
166
168
169
167
169
170
168
171
172
169
172
173
170
173
174
171
175
176
172
176
177
173
177
178
174
178
179
175
180
181
176
181
182
177
182
183
178
183
184
179
184
185
180
186
187
181
187
188
182
188
189
183
189
190
184
190
191
185
191
192
186
193
194
187
194
195
188
195
196
189
196
197
190
197
198
191
198
199
192
199
200
193
201
202
194
202
203
195
203
204
196
204
205
197
205
206
198
206
207
199
207
208
200
208
209
201
210
211
202
211
212
203
212
213
204
213
214
205
214
215
206
215
216
207
216
217
208
217
218
209
218
219
220
221
222
221
223
224
222
224
225
223
226
227
224
227
228
225
228
229
226
230
231
227
231
232
228
232
233
229
233
234
230
235
236
231
236
237
232
237
238
233
238
239
234
239
240
235
241
242
236
242
243
237
243
244
238
244
245
239
245
246
240
246
247
241
248
249
242
249
250
243
250
251
244
251
252
245
252
253
246
253
254
247
254
255
248
256
257
249
257
258
250
258
259
251
259
260
252
260
261
253
261
262
254
262
263
255
263
264
256
265
266
257
266
267
258
267
268
259
268
269
260
269
270
261
270
271
262
271
272
263
272
273
264
273
274
265
275
266
275
276
267
276
277
268
277
278
269
278
279
270
279
280
271
280
281
272
281
282
273
282
283
274
283
284
285
286
285
287
288
286
288
289
287
290
291
288
291
292
289
292
293
290
294
295
291
295
296
292
296
297
293
297
298
294
299
300
295
300
301
296
301
302
297
302
303
298
303
304
299
305
306
300
306
307
301
307
308
302
308
309
303
309
310
304
310
311
305
312
313
306
313
314
307
314
315
308
315
316
309
316
317
310
317
318
311
318
319
312
320
321
313
321
322
314
322
323
315
323
324
316
324
325
317
325
326
318
326
327
319
327
328
320
329
330
321
330
331
322
331
332
323
332
333
324
333
334
325
334
335
326
335
336
327
336
337
328
337
338
329
339
330
339
340
331
340
341
332
341
342
333
342
343
334
343
344
335
344
345
336
345
346
337
346
347
338
347
348
339
349
340
349
350
341
350
351
342
351
352
343
352
353
344
353
354
345
354
355
346
355
356
347
356
357
348
357
358
359
360
361
361
362
360
363
364
361
364
365
362
365
366
363
367
368
364
368
369
365
369
370
366
370
371
367
372
373
368
373
374
369
374
375
370
375
376
371
376
377
372
378
379
373
379
380
374
380
381
375
381
382
376
382
383
377
383
384
378
385
386
379
386
387
380
387
388
381
388
389
382
389
390
383
390
391
384
391
392
385
393
394
386
394
395
387
395
396
388
396
397
389
397
398
390
398
399
391
399
400
392
400
401
393
402
403
394
403
404
395
404
405
396
405
406
397
406
407
398
407
408
399
408
409
400
409
410
401
410
411
402
412
403
412
413
404
413
414
405
414
415
406
415
416
407
416
417
408
417
418
409
418
419
410
419
420
411
420
421
412
422
413
422
423
414
423
424
415
424
425
416
425
426
417
426
427
418
427
428
419
428
429
420
429
430
421
430
431
422
432
423
432
433
424
433
434
425
434
435
426
435
436
427
436
437
428
437
438
429
438
439
430
439
440
441
440
442
431
441
442
443
444
445
445
446
446
447
444
448
449
445
449
450
446
450
451
447
451
452
448
453
454
449
454
455
450
455
456
451
456
457
452
457
458
453
459
460
454
460
461
455
461
462
456
462
463
457
463
464
458
464
465
459
466
467
460
467
468
461
468
469
462
469
470
463
470
471
464
471
472
465
472
473
466
474
475
467
475
476
468
476
477
469
477
478
470
478
479
471
479
480
472
480
481
473
481
482
474
483
484
475
484
485
476
485
486
477
486
487
478
487
488
479
488
489
480
489
490
481
490
491
482
491
492
483
493
484
493
494
485
494
495
486
495
496
487
496
497
488
497
498
489
498
499
490
499
500
491
500
501
492
501
502
493
503
494
503
504
495
504
505
496
505
506
497
506
507
498
507
508
499
508
509
500
509
510
501
510
511
502
511
512
503
513
504
513
514
505
514
515
506
515
516
507
516
517
508
517
518
509
518
519
510
519
520
511
520
521
512
521
522
513
523
514
523
524
515
524
525
516
525
526
517
526
527
518
527
528
519
528
529
520
529
530
531
530
532
521
531
532
533
532
534
522
533
534
535
536
537
537
538
538
539
539
540
536
541
542
537
542
543
538
543
544
539
544
545
540
545
546
541
547
548
542
548
549
543
549
550
544
550
551
545
551
552
546
552
553
547
554
555
548
555
556
549
556
557
550
557
558
551
558
559
552
559
560
553
560
561
554
562
563
555
563
564
556
564
565
557
565
566
558
566
567
559
567
568
560
568
569
561
569
570
562
571
572
563
572
573
564
573
574
565
574
575
566
575
576
567
576
577
568
577
578
569
578
579
570
579
580
571
581
572
581
582
573
582
583
574
583
584
575
584
585
576
585
586
577
586
587
578
587
588
579
588
589
580
589
590
581
591
582
591
592
583
592
593
584
593
594
585
594
595
586
595
596
587
596
597
588
597
598
589
598
599
590
599
600
591
601
592
601
602
593
602
603
594
603
604
595
604
605
596
605
606
597
606
607
598
607
608
599
608
609
600
609
610
601
611
602
611
612
603
612
613
604
613
614
605
614
615
606
615
616
607
616
617
608
617
618
609
618
619
610
619
620
611
621
612
621
622
613
622
623
614
623
624
615
624
625
616
625
626
617
626
627
628
627
629
618
628
629
630
629
631
619
630
631
632
631
633
620
632
633
634
635
636
636
637
637
638
638
639
639
640
635
641
642
636
642
643
637
643
644
638
644
645
639
645
646
640
646
647
641
648
649
642
649
650
643
650
651
644
651
652
645
652
653
646
653
654
647
654
655
648
656
657
649
657
658
650
658
659
651
659
660
652
660
661
653
661
662
654
662
663
655
663
664
656
665
666
657
666
667
658
667
668
659
668
669
660
669
670
661
670
671
662
671
672
663
672
673
664
673
674
665
675
666
675
676
667
676
677
668
677
678
669
678
679
670
679
680
671
680
681
672
681
682
673
682
683
674
683
684
675
685
676
685
686
677
686
687
678
687
688
679
688
689
680
689
690
681
690
691
682
691
692
683
692
693
684
693
694
685
695
686
695
696
687
696
697
688
697
698
689
698
699
690
699
700
691
700
701
692
701
702
693
702
703
694
703
704
695
705
696
705
706
697
706
707
698
707
708
699
708
709
700
709
710
701
710
711
702
711
712
703
712
713
704
713
714
705
715
706
715
716
707
716
717
708
717
718
709
718
719
710
719
720
711
720
721
712
721
722
713
722
723
714
723
724
715
725
716
725
726
717
726
727
718
727
728
719
728
729
720
729
730
731
730
732
721
731
732
733
732
734
722
733
734
735
734
736
723
735
736
737
736
738
724
737
738
739
740
741
741
742
742
743
743
744
744
745
745
746
740
747
748
741
748
749
742
749
750
743
750
751
744
751
752
745
752
753
746
753
754
747
755
756
748
756
757
749
757
758
750
758
759
751
759
760
752
760
761
753
761
762
754
762
763
755
764
765
756
765
766
757
766
767
758
767
768
759
768
769
760
769
770
761
770
771
762
771
772
763
772
773
764
774
765
774
775
766
775
776
767
776
777
768
777
778
769
778
779
770
779
780
771
780
781
772
781
782
773
782
783
774
784
775
784
785
776
785
786
777
786
787
778
787
788
779
788
789
780
789
790
781
790
791
782
791
792
783
792
793
784
794
785
794
795
786
795
796
787
796
797
788
797
798
789
798
799
790
799
800
791
800
801
792
801
802
793
802
803
794
804
795
804
805
796
805
806
797
806
807
798
807
808
799
808
809
800
809
810
801
810
811
802
811
812
803
812
813
804
814
805
814
815
806
815
816
807
816
817
808
817
818
809
818
819
810
819
820
811
820
821
812
821
822
813
822
823
814
824
815
824
825
816
825
826
817
826
827
818
827
828
819
828
829
820
829
830
821
830
831
822
831
832
823
832
833
824
834
825
834
835
826
835
836
827
836
837
828
837
838
839
838
840
829
839
840
841
840
842
830
841
842
843
842
844
831
843
844
845
844
846
832
845
846
847
846
848
833
847
848
849
850
851
851
852
852
853
853
854
854
855
855
856
856
857
850
858
859
851
859
860
852
860
861
853
861
862
854
862
863
855
863
864
856
864
865
857
865
866
858
867
868
859
868
869
860
869
870
861
870
871
862
871
872
863
872
873
864
873
874
865
874
875
866
875
876
867
877
868
877
878
869
878
879
870
879
880
871
880
881
872
881
882
873
882
883
874
883
884
875
884
885
876
885
886
877
887
878
887
888
879
888
889
880
889
890
881
890
891
882
891
892
883
892
893
884
893
894
885
894
895
886
895
896
887
897
888
897
898
889
898
899
890
899
900
891
900
901
892
901
902
893
902
903
894
903
904
895
904
905
896
905
906
897
907
898
907
908
899
908
909
900
909
910
901
910
911
902
911
912
903
912
913
904
913
914
905
914
915
906
915
916
907
917
908
917
918
909
918
919
910
919
920
911
920
921
912
921
922
913
922
923
914
923
924
915
924
925
916
925
926
917
927
918
927
928
919
928
929
920
929
930
921
930
931
922
931
932
923
932
933
924
933
934
925
934
935
926
935
936
927
937
928
937
938
929
938
939
930
939
940
931
940
941
932
941
942
933
942
943
934
943
944
935
944
945
936
945
946
937
947
938
947
948
939
948
949
940
949
950
951
950
952
941
951
952
953
952
954
942
953
954
955
954
956
943
955
956
957
956
958
944
957
958
959
958
960
945
959
960
961
960
962
946
961
962
963
964
965
965
966
966
967
967
968
968
969
969
970
970
971
971
972
964
973
974
965
974
975
966
975
976
967
976
977
968
977
978
969
978
979
970
979
980
971
980
981
972
981
982
973
983
974
983
984
975
984
985
976
985
986
977
986
987
978
987
988
979
988
989
980
989
990
981
990
991
982
991
992
983
993
984
993
994
985
994
995
986
995
996
987
996
997
988
997
998
989
998
999
990
999
1000
991
1000
1001
992
1001
1002
993
1003
994
1003
1004
995
1004
1005
996
1005
1006
997
1006
1007
998
1007
1008
999
1008
1009
1000
1009
1010
1001
1010
1011
1002
1011
1012
1003
1013
1004
1013
1014
1005
1014
1015
1006
1015
1016
1007
1016
1017
1008
1017
1018
1009
1018
1019
1010
1019
1020
1011
1020
1021
1012
1021
1022
1013
1023
1014
1023
1024
1015
1024
1025
1016
1025
1026
1017
1026
1027
1018
1027
1028
1019
1028
1029
1020
1029
1030
1021
1030
1031
1022
1031
1032
1023
1033
1024
1033
1034
1025
1034
1035
1026
1035
1036
1027
1036
1037
1028
1037
1038
1029
1038
1039
1030
1039
1040
1031
1040
1041
1032
1041
1042
1033
1043
1034
1043
1044
1035
1044
1045
1036
1045
1046
1037
1046
1047
1038
1047
1048
1039
1048
1049
1040
1049
1050
1041
1050
1051
1042
1051
1052
1043
1053
1044
1053
1054
1045
1054
1055
1046
1055
1056
1047
1056
1057
1048
1057
1058
1049
1058
1059
1050
1059
1060
1051
1060
1061
1052
1061
1062
1053
1063
1054
1063
1064
1055
1064
1065
1066
1065
1067
1056
1066
1067
1068
1067
1069
1057
1068
1069
1070
1069
1071
1058
1070
1071
1072
1071
1073
1059
1072
1073
1074
1073
1075
1060
1074
1075
1076
1075
1077
1061
1076
1078
1079
1080
1081
1062
1079
1080
1082
1083
1084
1084
1085
1085
1086
1086
1087
1087
1088
1088
1089
1089
1090
1090
1091
1091
1092
1083
1093
1084
1093
1094
1085
1094
1095
1086
1095
1096
1087
1096
1097
1088
1097
1098
1089
1098
1099
1090
1099
1100
1091
1100
1101
1092
1101
1102
1093
1103
1094
1103
1104
1095
1104
1105
1096
1105
1106
1097
1106
1107
1098
1107
1108
1099
1108
1109
1100
1109
1110
1101
1110
1111
1102
1111
1112
1103
1113
1104
1113
1114
1105
1114
1115
1106
1115
1116
1107
1116
1117
1108
1117
1118
1109
1118
1119
1110
1119
1120
1111
1120
1121
1112
1121
1122
1113
1123
1114
1123
1124
1115
1124
1125
1116
1125
1126
1117
1126
1127
1118
1127
1128
1119
1128
1129
1120
1129
1130
1121
1130
1131
1122
1131
1132
1123
1133
1124
1133
1134
1125
1134
1135
1126
1135
1136
1127
1136
1137
1128
1137
1138
1129
1138
1139
1130
1139
1140
1131
1140
1141
1132
1141
1142
1133
1143
1134
1143
1144
1135
1144
1145
1136
1145
1146
1137
1146
1147
1138
1147
1148
1139
1148
1149
1140
1149
1150
1141
1150
1151
1142
1151
1152
1143
1153
1144
1153
1154
1145
1154
1155
1146
1155
1156
1147
1156
1157
1148
1157
1158
1149
1158
1159
1150
1159
1160
1151
1160
1161
1152
1161
1162
1153
1163
1154
1163
1164
1155
1164
1165
1156
1165
1166
1157
1166
1167
1158
1167
1168
1159
1168
1169
1160
1169
1170
1161
1170
1171
1162
1171
1172
1163
1173
1164
1173
1174
1165
1174
1175
1166
1175
1176
1167
1176
1177
1168
1177
1178
1169
1178
1179
1170
1179
1180
1171
1180
1181
1172
1181
1182
1173
1183
1174
1183
1184
1185
1184
1186
1175
1185
1186
1187
1186
1188
1176
1187
1188
1189
1188
1190
1177
1189
1190
1191
1190
1192
1178
1191
1192
1193
1192
1194
1179
1193
1194
1195
1194
1196
1180
1195
1196
1197
1078
1081
1198
1199
1081
1199
1200
1181
1197
1201
1202
1203
1204
1205
1206
1207
1182
1202
1204
1208
1209
1209
1210
1210
1211
1211
1212
1212
1213
1213
1214
1214
1215
1215
1216
1216
1217
1217
1218
1209
1219
1210
1219
1220
1211
1220
1221
1212
1221
1222
1213
1222
1223
1214
1223
1224
1215
1224
1225
1216
1225
1226
1217
1226
1227
1218
1227
1228
1219
1229
1220
1229
1230
1221
1230
1231
1222
1231
1232
1223
1232
1233
1224
1233
1234
1225
1234
1235
1226
1235
1236
1227
1236
1237
1228
1237
1238
1229
1239
1230
1239
1240
1231
1240
1241
1232
1241
1242
1233
1242
1243
1234
1243
1244
1235
1244
1245
1236
1245
1246
1237
1246
1247
1238
1247
1248
1239
1249
1240
1249
1250
1241
1250
1251
1242
1251
1252
1243
1252
1253
1244
1253
1254
1245
1254
1255
1246
1255
1256
1247
1256
1257
1248
1257
1258
1249
1259
1250
1259
1260
1251
1260
1261
1252
1261
1262
1253
1262
1263
1254
1263
1264
1255
1264
1265
1256
1265
1266
1257
1266
1267
1258
1267
1268
1259
1269
1260
1269
1270
1261
1270
1271
1262
1271
1272
1263
1272
1273
1264
1273
1274
1265
1274
1275
1266
1275
1276
1267
1276
1277
1268
1277
1278
1269
1279
1270
1279
1280
1271
1280
1281
1272
1281
1282
1273
1282
1283
1274
1283
1284
1275
1284
1285
1276
1285
1286
1277
1286
1287
1278
1287
1288
1279
1289
1280
1289
1290
1281
1290
1291
1282
1291
1292
1283
1292
1293
1284
1293
1294
1285
1294
1295
1286
1295
1296
1287
1296
1297
1288
1297
1298
1289
1299
1290
1299
1300
1291
1300
1301
1292
1301
1302
1293
1302
1303
1294
1303
1304
1295
1304
1305
1296
1305
1306
1297
1306
1307
1298
1307
1308
1299
1309
1310
1309
1311
1300
1310
1311
1312
1311
1313
1301
1312
1313
1314
1313
1315
1302
1314
1315
1316
1315
1317
1303
1316
1317
1318
1317
1319
1304
1318
1319
1320
1319
1321
1305
1320
1321
1322
1199
1321
1323
1306
1322
1323
1324
1206
1325
1326
1326
1327
1207
1327
1328
1205
1328
1329
1330
1307
1324
1331
1332
1333
1334
1332
1333
1335
1330
1336
1337
1338
1339
1336
1340
1308
1331
1335
1341
1342
1342
1343
1343
1344
1344
1345
1345
1346
1346
1347
1347
1348
1348
1349
1349
1350
1350
1351
1342
1352
1343
1352
1353
1344
1353
1354
1345
1354
1355
1346
1355
1356
1347
1356
1357
1348
1357
1358
1349
1358
1359
1350
1359
1360
1351
1360
1361
1352
1362
1353
1362
1363
1354
1363
1364
1355
1364
1365
1356
1365
1366
1357
1366
1367
1358
1367
1368
1359
1368
1369
1360
1369
1370
1361
1370
1371
1362
1372
1363
1372
1373
1364
1373
1374
1365
1374
1375
1366
1375
1376
1367
1376
1377
1368
1377
1378
1369
1378
1379
1370
1379
1380
1371
1380
1381
1372
1382
1373
1382
1383
1374
1383
1384
1375
1384
1385
1376
1385
1386
1377
1386
1387
1378
1387
1388
1379
1388
1389
1380
1389
1390
1381
1390
1391
1382
1392
1383
1392
1393
1384
1393
1394
1385
1394
1395
1386
1395
1396
1387
1396
1397
1388
1397
1398
1389
1398
1399
1390
1399
1400
1391
1400
1401
1392
1402
1393
1402
1403
1394
1403
1404
1395
1404
1405
1396
1405
1406
1397
1406
1407
1398
1407
1408
1399
1408
1409
1400
1409
1410
1401
1410
1411
1402
1412
1403
1412
1413
1404
1413
1414
1405
1414
1415
1406
1415
1416
1407
1416
1417
1408
1417
1418
1409
1418
1419
1410
1419
1420
1411
1420
1421
1412
1422
1413
1422
1423
1414
1423
1424
1415
1424
1425
1416
1425
1426
1417
1426
1427
1418
1427
1428
1419
1428
1429
1420
1429
1430
1421
1430
1431
1422
1432
1423
1432
1433
1424
1433
1434
1425
1434
1435
1426
1435
1436
1427
1436
1437
1428
1437
1438
1429
1438
1439
1430
1439
1440
1431
1440
1441
1442
1432
1442
1443
1442
1444
1433
1443
1444
1445
1444
1446
1434
1445
1446
1447
1446
1448
1435
1447
1448
1449
1448
1450
1436
1449
1450
1451
1450
1452
1437
1451
1452
1453
1452
1454
1438
1453
1454
1455
1329
1454
1456
1457
1439
1455
1457
1458
1338
1459
1339
1459
1340
1460
1336
1460
1330
1337
1460
1332
1337
1440
1458
1461
1462
1457
1462
1463
1463
1464
1337
1456
1463
1462
1464
1465
1466
1466
1467
1340
1467
1466
1441
1461
1465
1468
1469
1469
1470
1470
1471
1471
1472
1472
1473
1473
1474
1474
1475
1475
1476
1476
1477
1477
1478
1469
1479
1470
1479
1480
1471
1480
1481
1472
1481
1482
1473
1482
1483
1474
1483
1484
1475
1484
1485
1476
1485
1486
1477
1486
1487
1478
1487
1488
1479
1489
1480
1489
1490
1481
1490
1491
1482
1491
1492
1483
1492
1493
1484
1493
1494
1485
1494
1495
1486
1495
1496
1487
1496
1497
1488
1497
1498
1489
1499
1490
1499
1500
1491
1500
1501
1492
1501
1502
1493
1502
1503
1494
1503
1504
1495
1504
1505
1496
1505
1506
1497
1506
1507
1498
1507
1508
1499
1509
1500
1509
1510
1501
1510
1511
1502
1511
1512
1503
1512
1513
1504
1513
1514
1505
1514
1515
1506
1515
1516
1507
1516
1517
1508
1517
1518
1509
1519
1510
1519
1520
1511
1520
1521
1512
1521
1522
1513
1522
1523
1514
1523
1524
1515
1524
1525
1516
1525
1526
1517
1526
1527
1518
1527
1528
1519
1529
1520
1529
1530
1521
1530
1531
1522
1531
1532
1523
1532
1533
1524
1533
1534
1525
1534
1535
1526
1535
1536
1527
1536
1537
1528
1537
1538
1529
1539
1530
1539
1540
1531
1540
1541
1532
1541
1542
1533
1542
1543
1534
1543
1544
1535
1544
1545
1536
1545
1546
1537
1546
1547
1538
1547
1548
1539
1549
1540
1549
1550
1541
1550
1551
1542
1551
1552
1543
1552
1553
1544
1553
1554
1545
1554
1555
1546
1555
1556
1547
1556
1557
1548
1557
1558
1549
1559
1550
1559
1560
1551
1560
1561
1552
1561
1562
1553
1562
1563
1554
1563
1564
1555
1564
1565
1556
1565
1566
1557
1566
1567
1558
1567
1568
1569
1559
1569
1570
1569
1571
1560
1570
1571
1572
1571
1573
1561
1572
1573
1574
1573
1575
1562
1574
1575
1576
1575
1577
1563
1576
1577
1578
1577
1579
1564
1578
1579
1580
1579
1581
1582
1565
1580
1582
1583
1581
1584
1582
1584
1585
1566
1583
1585
1586
1467
1466
1567
1586
1587
1588
1585
1588
1589
1584
1589
1589
1590
1588
1590
1591
1568
1587
1591
1592
1592
1593
1593
1594
1594
1595
1595
1596
1596
1597
1597
1598
1598
1599
1599
1600
1600
1601
1592
1602
1593
1602
1603
1594
1603
1604
1595
1604
1605
1596
1605
1606
1597
1606
1607
1598
1607
1608
1599
1608
1609
1600
1609
1610
1601
1610
1611
1602
1612
1603
1612
1613
1604
1613
1614
1605
1614
1615
1606
1615
1616
1607
1616
1617
1608
1617
1618
1609
1618
1619
1610
1619
1620
1611
1620
1621
1612
1622
1613
1622
1623
1614
1623
1624
1615
1624
1625
1616
1625
1626
1617
1626
1627
1618
1627
1628
1619
1628
1629
1620
1629
1630
1621
1630
1631
1622
1632
1623
1632
1633
1624
1633
1634
1625
1634
1635
1626
1635
1636
1627
1636
1637
1628
1637
1638
1629
1638
1639
1630
1639
1640
1631
1640
1641
1632
1642
1633
1642
1643
1634
1643
1644
1635
1644
1645
1636
1645
1646
1637
1646
1647
1638
1647
1648
1639
1648
1649
1640
1649
1650
1641
1650
1651
1642
1652
1643
1652
1653
1644
1653
1654
1645
1654
1655
1646
1655
1656
1647
1656
1657
1648
1657
1658
1649
1658
1659
1650
1659
1660
1651
1660
1661
1652
1662
1653
1662
1663
1654
1663
1664
1655
1664
1665
1656
1665
1666
1657
1666
1667
1658
1667
1668
1659
1668
1669
1660
1669
1670
1661
1670
1671
1662
1672
1663
1672
1673
1664
1673
1674
1665
1674
1675
1666
1675
1676
1667
1676
1677
1668
1677
1678
1669
1678
1679
1670
1679
1680
1671
1680
1681
1672
1682
1673
1682
1683
1674
1683
1684
1675
1684
1685
1676
1685
1686
1677
1686
1687
1678
1687
1688
1679
1688
1689
1680
1689
1690
1681
1690
1691
1682
1691
1692
1691
1693
1683
1692
1693
1694
1693
1695
1684
1694
1695
1696
1695
1697
1685
1696
1697
1698
1697
1699
1686
1698
1699
1700
1699
1701
1702
1687
1700
1702
1703
1701
1704
1702
1704
1705
1688
1703
1705
1706
1704
1707
1705
1707
1708
1689
1706
1708
1709
1690
1709
1710
1708
1710
1711
1707
1711
1711
1712
1710
1712
1713
1713
1714
1714
1715
1715
1716
1716
1717
1717
1718
1718
1719
1719
1720
1720
1721
1721
1722
1713
1723
1714
1723
1724
1715
1724
1725
1716
1725
1726
1717
1726
1727
1718
1727
1728
1719
1728
1729
1720
1729
1730
1721
1730
1731
1722
1731
1732
1723
1733
1724
1733
1734
1725
1734
1735
1726
1735
1736
1727
1736
1737
1728
1737
1738
1729
1738
1739
1730
1739
1740
1731
1740
1741
1732
1741
1742
1733
1743
1734
1743
1744
1735
1744
1745
1736
1745
1746
1737
1746
1747
1738
1747
1748
1739
1748
1749
1740
1749
1750
1741
1750
1751
1742
1751
1752
1743
1753
1744
1753
1754
1745
1754
1755
1746
1755
1756
1747
1756
1757
1748
1757
1758
1749
1758
1759
1750
1759
1760
1751
1760
1761
1752
1761
1762
1753
1763
1754
1763
1764
1755
1764
1765
1756
1765
1766
1757
1766
1767
1758
1767
1768
1759
1768
1769
1760
1769
1770
1761
1770
1771
1762
1771
1772
1763
1773
1764
1773
1774
1765
1774
1775
1766
1775
1776
1767
1776
1777
1768
1777
1778
1769
1778
1779
1770
1779
1780
1771
1780
1781
1772
1781
1782
1773
1783
1774
1783
1784
1775
1784
1785
1776
1785
1786
1777
1786
1787
1778
1787
1788
1779
1788
1789
1780
1789
1790
1781
1790
1791
1782
1791
1792
1783
1793
1784
1793
1794
1785
1794
1795
1786
1795
1796
1787
1796
1797
1788
1797
1798
1789
1798
1799
1790
1799
1800
1791
1800
1801
1792
1801
1793
1802
1794
1802
1803
1795
1803
1804
1796
1804
1805
1797
1805
1806
1798
1806
1807
1799
1807
1808
1800
1808
1809
1801
1809
1810
1802
1810
1811
1810
1812
1803
1811
1812
1813
1812
1814
1804
1813
1814
1815
1814
1816
1805
1815
1816
1817
1816
1818
1819
1806
1817
1819
1820
1818
1821
1819
1821
1822
1807
1820
1822
1823
1821
1824
1822
1824
1825
1808
1823
1825
1826
1824
1827
1825
1827
1828
1809
1826
1828
1828
1829
1827
1829
1829
1830
1830
1831
1831
1832
1832
1833
1833
1834
1834
1835
1835
1836
1836
1837
1837
1838
1838
1839
1830
1840
1831
1840
1841
1832
1841
1842
1833
1842
1843
1834
1843
1844
1835
1844
1845
1836
1845
1846
1837
1846
1847
1838
1847
1848
1839
1848
1849
1840
1850
1841
1850
1851
1842
1851
1852
1843
1852
1853
1844
1853
1854
1845
1854
1855
1846
1855
1856
1847
1856
1857
1848
1857
1858
1849
1858
1859
1850
1860
1851
1860
1861
1852
1861
1862
1853
1862
1863
1854
1863
1864
1855
1864
1865
1856
1865
1866
1857
1866
1867
1858
1867
1868
1859
1868
1869
1860
1870
1861
1870
1871
1862
1871
1872
1863
1872
1873
1864
1873
1874
1865
1874
1875
1866
1875
1876
1867
1876
1877
1868
1877
1878
1869
1878
1879
1870
1880
1871
1880
1881
1872
1881
1882
1873
1882
1883
1874
1883
1884
1875
1884
1885
1876
1885
1886
1877
1886
1887
1878
1887
1888
1879
1888
1889
1880
1890
1881
1890
1891
1882
1891
1892
1883
1892
1893
1884
1893
1894
1885
1894
1895
1886
1895
1896
1887
1896
1897
1888
1897
1898
1889
1898
1899
1890
1900
1891
1900
1901
1892
1901
1902
1893
1902
1903
1894
1903
1904
1895
1904
1905
1896
1905
1906
1897
1906
1907
1898
1907
1908
1899
1908
1900
1909
1901
1909
1910
1902
1910
1911
1903
1911
1912
1904
1912
1913
1905
1913
1914
1906
1914
1915
1907
1915
1916
1908
1916
1909
1917
1910
1917
1918
1911
1918
1919
1912
1919
1920
1913
1920
1921
1914
1921
1922
1915
1922
1923
1916
1923
1924
1917
1924
1925
1924
1926
1918
1925
1927
1928
1929
1930
1919
1928
1930
1931
1930
1932
1933
1920
1931
1933
1934
1932
1935
1933
1935
1936
1921
1934
1936
1937
1935
1938
1936
1938
1939
1922
1937
1939
1940
1938
1941
1939
1941
1942
1923
1940
1942
1941
1943
1942
1943
1943
1944
1944
1945
1945
1946
1946
1947
1947
1948
1948
1949
1949
1950
1950
1951
1951
1952
1952
1953
1944
1954
1945
1954
1955
1946
1955
1956
1947
1956
1957
1948
1957
1958
1949
1958
1959
1950
1959
1960
1951
1960
1961
1952
1961
1962
1953
1962
1963
1954
1964
1955
1964
1965
1956
1965
1966
1957
1966
1967
1958
1967
1968
1959
1968
1969
1960
1969
1970
1961
1970
1971
1962
1971
1972
1963
1972
1973
1964
1974
1965
1974
1975
1966
1975
1976
1967
1976
1977
1968
1977
1978
1969
1978
1979
1970
1979
1980
1971
1980
1981
1972
1981
1982
1973
1982
1983
1974
1984
1975
1984
1985
1976
1985
1986
1977
1986
1987
1978
1987
1988
1979
1988
1989
1980
1989
1990
1981
1990
1991
1982
1991
1992
1983
1992
1993
1984
1994
1985
1994
1995
1986
1995
1996
1987
1996
1997
1988
1997
1998
1989
1998
1999
1990
1999
2000
1991
2000
2001
1992
2001
2002
1993
2002
2003
1994
2004
1995
2004
2005
1996
2005
2006
1997
2006
2007
1998
2007
2008
1999
2008
2009
2000
2009
2010
2001
2010
2011
2002
2011
2012
2003
2012
2004
2013
2005
2013
2014
2006
2014
2015
2007
2015
2016
2008
2016
2017
2009
2017
2018
2010
2018
2019
2011
2019
2020
2012
2020
2013
2021
2014
2021
2022
2015
2022
2023
2016
2023
2024
2017
2024
2025
2018
2025
2026
2019
2026
2027
2020
2027
2021
2028
2022
2028
2029
2023
2029
2030
2024
2030
2031
2025
2031
2032
2026
2032
2033
2027
2033
2034
2028
2034
2035
1927
1929
2036
2037
1929
2037
2038
2029
2035
2039
2040
2041
2042
2043
2044
2045
2030
2040
2045
2046
2043
2047
2045
2047
2048
2031
2046
2048
2049
2047
2050
2048
2050
2051
2032
2049
2051
2052
2050
2053
2051
2053
2054
2033
2052
2054
2053
2055
2054
2055
2055
2056
2056
2057
2057
2058
2058
2059
2059
2060
2060
2061
2061
2062
2062
2063
2063
2064
2064
2065
2056
2066
2057
2066
2067
2058
2067
2068
2059
2068
2069
2060
2069
2070
2061
2070
2071
2062
2071
2072
2063
2072
2073
2064
2073
2074
2065
2074
2075
2066
2076
2067
2076
2077
2068
2077
2078
2069
2078
2079
2070
2079
2080
2071
2080
2081
2072
2081
2082
2073
2082
2083
2074
2083
2084
2075
2084
2085
2076
2086
2077
2086
2087
2078
2087
2088
2079
2088
2089
2080
2089
2090
2081
2090
2091
2082
2091
2092
2083
2092
2093
2084
2093
2094
2085
2094
2095
2086
2096
2087
2096
2097
2088
2097
2098
2089
2098
2099
2090
2099
2100
2091
2100
2101
2092
2101
2102
2093
2102
2103
2094
2103
2104
2095
2104
2105
2096
2106
2097
2106
2107
2098
2107
2108
2099
2108
2109
2100
2109
2110
2101
2110
2111
2102
2111
2112
2103
2112
2113
2104
2113
2114
2105
2114
2106
2115
2107
2115
2116
2108
2116
2117
2109
2117
2118
2110
2118
2119
2111
2119
2120
2112
2120
2121
2113
2121
2122
2114
2122
2115
2123
2116
2123
2124
2117
2124
2125
2118
2125
2126
2119
2126
2127
2120
2127
2128
2121
2128
2129
2122
2129
2123
2130
2124
2130
2131
2125
2131
2132
2126
2132
2133
2127
2133
2134
2128
2134
2135
2129
2135
2130
2136
2131
2136
2137
2132
2137
2138
2133
2138
2139
2134
2139
2140
2135
2140
2037
2141
2136
2141
2142
2041
2143
2144
2144
2145
2042
2145
2146
2044
2146
2147
2148
2137
2142
2149
2150
2151
2152
2153
2154
2155
2156
2147
2154
2157
2150
2156
2158
2138
2149
2158
2159
2156
2160
2158
2160
2161
2139
2159
2161
2162
2160
2163
2161
2163
2164
2140
2162
2164
2163
2165
2164
2165
2165
2166
2166
2167
2167
2168
2168
2169
2169
2170
2170
2171
2171
2172
2172
2173
2173
2174
2174
2175
2166
2176
2167
2176
2177
2168
2177
2178
2169
2178
2179
2170
2179
2180
2171
2180
2181
2172
2181
2182
2173
2182
2183
2174
2183
2184
2175
2184
2185
2176
2186
2177
2186
2187
2178
2187
2188
2179
2188
2189
2180
2189
2190
2181
2190
2191
2182
2191
2192
2183
2192
2193
2184
2193
2194
2185
2194
2195
2186
2196
2187
2196
2197
2188
2197
2198
2189
2198
2199
2190
2199
2200
2191
2200
2201
2192
2201
2202
2193
2202
2203
2194
2203
2204
2195
2204
2205
2196
2206
2197
2206
2207
2198
2207
2208
2199
2208
2209
2200
2209
2210
2201
2210
2211
2202
2211
2212
2203
2212
2213
2204
2213
2214
2205
2214
2206
2215
2207
2215
2216
2208
2216
2217
2209
2217
2218
2210
2218
2219
2211
2219
2220
2212
2220
2221
2213
2221
2222
2214
2222
2215
2223
2216
2223
2224
2217
2224
2225
2218
2225
2226
2219
2226
2227
2220
2227
2228
2221
2228
2229
2222
2229
2223
2230
2224
2230
2231
2225
2231
2232
2226
2232
2233
2227
2233
2234
2228
2234
2235
2229
2235
2230
2236
2231
2236
2237
2232
2237
2238
2233
2238
2239
2234
2239
2240
2235
2240
2236
2241
2237
2241
2242
2238
2242
2243
2239
2243
2244
2240
2244
2148
2245
2246
2241
2246
2247
2151
2248
2152
2248
2153
2249
2154
2249
2148
2150
2157
2157
2249
2242
2247
2250
2251
2246
2251
2252
2253
2153
2253
2254
2254
2157
2245
2252
2252
2255
2254
2251
2255
2256
2243
2250
2256
2257
2255
2258
2256
2258
2259
2244
2257
2259
2258
2260
2259
2260
2260
2261
2261
2262
2262
2263
2263
2264
2264
2265
2265
2266
2266
2267
2267
2268
2268
2269
2269
2270
2261
2271
2262
2271
2272
2263
2272
2273
2264
2273
2274
2265
2274
2275
2266
2275
2276
2267
2276
2277
2268
2277
2278
2269
2278
2279
2270
2279
2280
2271
2281
2272
2281
2282
2273
2282
2283
2274
2283
2284
2275
2284
2285
2276
2285
2286
2277
2286
2287
2278
2287
2288
2279
2288
2289
2280
2289
2290
2281
2291
2282
2291
2292
2283
2292
2293
2284
2293
2294
2285
2294
2295
2286
2295
2296
2287
2296
2297
2288
2297
2298
2289
2298
2299
2290
2299
2291
2300
2292
2300
2301
2293
2301
2302
2294
2302
2303
2295
2303
2304
2296
2304
2305
2297
2305
2306
2298
2306
2307
2299
2307
2300
2308
2301
2308
2309
2302
2309
2310
2303
2310
2311
2304
2311
2312
2305
2312
2313
2306
2313
2314
2307
2314
2308
2315
2309
2315
2316
2310
2316
2317
2311
2317
2318
2312
2318
2319
2313
2319
2320
2314
2320
2315
2321
2316
2321
2322
2317
2322
2323
2318
2323
2324
2319
2324
2325
2320
2325
2321
2326
2322
2326
2327
2323
2327
2328
2324
2328
2329
2325
2329
2326
2330
2327
2330
2331
2328
2331
2332
2329
2332
2333
2333
2334
2330
2334
2335
2253
2254
2331
2335
2336
2337
2334
2337
2338
2333
2338
2338
2339
2337
2339
2340
2332
2336
2340
2339
2341
2340
2341
2341
2342
2342
2343
2343
2344
2344
2345
2345
2346
2346
2347
2347
2348
2348
2349
2349
2350
2350
2351
2342
2352
2343
2352
2353
2344
2353
2354
2345
2354
2355
2346
2355
2356
2347
2356
2357
2348
2357
2358
2349
2358
2359
2350
2359
2360
2351
2360
2361
2352
2362
2353
2362
2363
2354
2363
2364
2355
2364
2365
2356
2365
2366
2357
2366
2367
2358
2367
2368
2359
2368
2369
2360
2369
2370
2361
2370
2362
2371
2363
2371
2372
2364
2372
2373
2365
2373
2374
2366
2374
2375
2367
2375
2376
2368
2376
2377
2369
2377
2378
2370
2378
2371
2379
2372
2379
2380
2373
2380
2381
2374
2381
2382
2375
2382
2383
2376
2383
2384
2377
2384
2385
2378
2385
2379
2386
2380
2386
2387
2381
2387
2388
2382
2388
2389
2383
2389
2390
2384
2390
2391
2385
2391
2386
2392
2387
2392
2393
2388
2393
2394
2389
2394
2395
2390
2395
2396
2391
2396
2392
2397
2393
2397
2398
2394
2398
2399
2395
2399
2400
2396
2400
2397
2401
2398
2401
2402
2399
2402
2403
2400
2403
2401
2404
2402
2404
2405
2403
2405
2406
2406
2407
2404
2407
2408
2405
2408
2409
2407
2409
2410
2406
2410
2410
2411
2409
2411
2411
2412
2412
2413
2413
2414
2414
2415
2415
2416
2416
2417
2417
2418
2418
2419
2419
2420
2420
2421
2412
2422
2413
2422
2423
2414
2423
2424
2415
2424
2425
2416
2425
2426
2417
2426
2427
2418
2427
2428
2419
2428
2429
2420
2429
2430
2421
2430
2422
2431
2423
2431
2432
2424
2432
2433
2425
2433
2434
2426
2434
2435
2427
2435
2436
2428
2436
2437
2429
2437
2438
2430
2438
2431
2439
2432
2439
2440
2433
2440
2441
2434
2441
2442
2435
2442
2443
2436
2443
2444
2437
2444
2445
2438
2445
2439
2446
2440
2446
2447
2441
2447
2448
2442
2448
2449
2443
2449
2450
2444
2450
2451
2445
2451
2446
2452
2447
2452
2453
2448
2453
2454
2449
2454
2455
2450
2455
2456
2451
2456
2452
2457
2453
2457
2458
2454
2458
2459
2455
2459
2460
2456
2460
2457
2461
2458
2461
2462
2459
2462
2463
2460
2463
2461
2464
2462
2464
2465
2463
2465
2464
2466
2465
2466
2467
2467
2468
2466
2468
2468
2469
2467
2469
2469
2470
2470
2471
2471
2472
2472
2473
2473
2474
2474
2475
2475
2476
2476
2477
2477
2478
2478
2470
2479
2471
2479
2480
2472
2480
2481
2473
2481
2482
2474
2482
2483
2475
2483
2484
2476
2484
2485
2477
2485
2486
2478
2486
2479
2487
2480
2487
2488
2481
2488
2489
2482
2489
2490
2483
2490
2491
2484
2491
2492
2485
2492
2493
2486
2493
2487
2494
2488
2494
2495
2489
2495
2496
2490
2496
2497
2491
2497
2498
2492
2498
2499
2493
2499
2494
2500
2495
2500
2501
2496
2501
2502
2497
2502
2503
2498
2503
2504
2499
2504
2500
2505
2501
2505
2506
2502
2506
2507
2503
2507
2508
2504
2508
2505
2509
2506
2509
2510
2507
2510
2511
2508
2511
2509
2512
2510
2512
2513
2511
2513
2512
2514
2513
2514
2514
2515
2515
2515
2516
2516
2517
2517
2518
2518
2519
2519
2520
2520
2521
2521
2522
2522
2523
2523
2516
2524
2517
2524
2525
2518
2525
2526
2519
2526
2527
2520
2527
2528
2521
2528
2529
2522
2529
2530
2523
2530
2524
2531
2525
2531
2532
2526
2532
2533
2527
2533
2534
2528
2534
2535
2529
2535
2536
2530
2536
2531
2537
2532
2537
2538
2533
2538
2539
2534
2539
2540
2535
2540
2541
2536
2541
2537
2542
2538
2542
2543
2539
2543
2544
2540
2544
2545
2541
2545
2542
2546
2543
2546
2547
2544
2547
2548
2545
2548
2546
2549
2547
2549
2550
2548
2550
2549
2551
2550
2551
2551
2552
2552
2553
2553
2554
2554
2555
2555
2556
2556
2557
2557
2558
2558
2552
2559
2553
2559
2560
2554
2560
2561
2555
2561
2562
2556
2562
2563
2557
2563
2564
2558
2564
2559
2565
2560
2565
2566
2561
2566
2567
2562
2567
2568
2563
2568
2569
2564
2569
2565
2570
2566
2570
2571
2567
2571
2572
2568
2572
2573
2569
2573
2570
2574
2571
2574
2575
2572
2575
2576
2573
2576
2574
2577
2575
2577
2578
2576
2578
2577
2579
2578
2579
2579
2580
2580
2581
2581
2582
2582
2583
2583
2584
2584
2585
2585
2580
2586
2581
2586
2587
2582
2587
2588
2583
2588
2589
2584
2589
2590
2585
2590
2586
2591
2587
2591
2592
2588
2592
2593
2589
2593
2594
2590
2594
2591
2595
2592
2595
2596
2593
2596
2597
2594
2597
2595
2598
2596
2598
2599
2597
2599
2598
2600
2599
2600
2600
2601
2601
2602
2602
2603
2603
2604
2604
2605
2605
2601
2606
2602
2606
2607
2603
2607
2608
2604
2608
2609
2605
2609
2606
2610
2607
2610
2611
2608
2611
2612
2609
2612
2610
2613
2611
2613
2614
2612
2614
2613
2615
2614
2615
2615
2616
2616
2617
2617
2618
2618
2619
2619
2616
2620
2617
2620
2621
2618
2621
2622
2619
2622
2620
2623
2621
2623
2624
2622
2624
2623
2625
2624
2625
2625
2626
2626
2627
2627
2628
2628
2626
2629
2627
2629
2630
2628
2630
2629
2631
2630
2631
2631
2632
2632
2633
2633
2632
2634
2633
2634
2634
2635
2635
2635
)


// ************************************************************************* //
